0  0
0.01  0.098
0.02  0.196
0.03  0.293999
0.04  0.391996
0.05  0.489991
0.06  0.587984
0.07  0.685974
0.08  0.783959
0.09  0.881941
0.1  0.979917
0.11  1.07789
0.12  1.17585
0.13  1.27381
0.14  1.37176
0.15  1.46971
0.16  1.56764
0.17  1.66557
0.18  1.76348
0.19  1.86139
0.2  1.95928
0.21  2.05717
0.22  2.15504
0.23  2.2529
0.24  2.35075
0.25  2.44858
0.26  2.5464
0.27  2.64421
0.28  2.74199
0.29  2.83977
0.3  2.93752
0.31  3.03526
0.32  3.13299
0.33  3.23069
0.34  3.32838
0.35  3.42604
0.36  3.52369
0.37  3.62131
0.38  3.71892
0.39  3.8165
0.4  3.91406
0.41  4.0116
0.42  4.10911
0.43  4.2066
0.44  4.30407
0.45  4.40151
0.46  4.49893
0.47  4.59632
0.48  4.69368
0.49  4.79101
0.5  4.88832
0.51  4.9856
0.52  5.08285
0.53  5.18007
0.54  5.27726
0.55  5.37442
0.56  5.47155
0.57  5.56865
0.58  5.66571
0.59  5.76274
0.6  5.85974
0.61  5.95671
0.62  6.05364
0.63  6.15053
0.64  6.24739
0.65  6.34421
0.66  6.441
0.67  6.53775
0.68  6.63446
0.69  6.73113
0.7  6.82776
0.71  6.92436
0.72  7.02091
0.73  7.11743
0.74  7.2139
0.75  7.31033
0.76  7.40672
0.77  7.50306
0.78  7.59936
0.79  7.69562
0.8  7.79183
0.81  7.888
0.82  7.98413
0.83  8.0802
0.84  8.17623
0.85  8.27222
0.86  8.36815
0.87  8.46404
0.88  8.55988
0.89  8.65567
0.9  8.75141
0.91  8.8471
0.92  8.94274
0.93  9.03833
0.94  9.13386
0.95  9.22935
0.96  9.32478
0.97  9.42016
0.98  9.51548
0.99  9.61075
1  9.70596
1.01  9.80112
1.02  9.89622
1.03  9.99127
1.04  10.0863
1.05  10.1812
1.06  10.2761
1.07  10.3709
1.08  10.4656
1.09  10.5603
1.1  10.655
1.11  10.7495
1.12  10.8441
1.13  10.9385
1.14  11.0329
1.15  11.1272
1.16  11.2215
1.17  11.3157
1.18  11.4098
1.19  11.5039
1.2  11.5979
1.21  11.6919
1.22  11.7857
1.23  11.8795
1.24  11.9733
1.25  12.067
1.26  12.1606
1.27  12.2541
1.28  12.3476
1.29  12.441
1.3  12.5343
1.31  12.6276
1.32  12.7208
1.33  12.8139
1.34  12.9069
1.35  12.9999
1.36  13.0928
1.37  13.1856
1.38  13.2784
1.39  13.3711
1.4  13.4637
1.41  13.5562
1.42  13.6487
1.43  13.7411
1.44  13.8334
1.45  13.9256
1.46  14.0177
1.47  14.1098
1.48  14.2018
1.49  14.2937
1.5  14.3856
1.51  14.4773
1.52  14.569
1.53  14.6606
1.54  14.7521
1.55  14.8435
1.56  14.9349
1.57  15.0262
1.58  15.1174
1.59  15.2085
1.6  15.2995
1.61  15.3904
1.62  15.4813
1.63  15.5721
1.64  15.6627
1.65  15.7533
1.66  15.8439
1.67  15.9343
1.68  16.0246
1.69  16.1149
1.7  16.205
1.71  16.2951
1.72  16.3851
1.73  16.475
1.74  16.5648
1.75  16.6546
1.76  16.7442
1.77  16.8337
1.78  16.9232
1.79  17.0125
1.8  17.1018
1.81  17.191
1.82  17.2801
1.83  17.3691
1.84  17.458
1.85  17.5468
1.86  17.6355
1.87  17.7241
1.88  17.8126
1.89  17.9011
1.9  17.9894
1.91  18.0776
1.92  18.1658
1.93  18.2538
1.94  18.3418
1.95  18.4296
1.96  18.5174
1.97  18.605
1.98  18.6926
1.99  18.7801
2  18.8674
2.01  18.9547
2.02  19.0419
2.03  19.1289
2.04  19.2159
2.05  19.3027
2.06  19.3895
2.07  19.4762
2.08  19.5627
2.09  19.6492
2.1  19.7355
2.11  19.8218
2.12  19.9079
2.13  19.994
2.14  20.0799
2.15  20.1658
2.16  20.2515
2.17  20.3371
2.18  20.4226
2.19  20.5081
2.2  20.5934
2.21  20.6786
2.22  20.7637
2.23  20.8487
2.24  20.9336
2.25  21.0184
2.26  21.103
2.27  21.1876
2.28  21.2721
2.29  21.3564
2.3  21.4406
2.31  21.5248
2.32  21.6088
2.33  21.6927
2.34  21.7765
2.35  21.8602
2.36  21.9438
2.37  22.0273
2.38  22.1107
2.39  22.1939
2.4  22.277
2.41  22.3601
2.42  22.443
2.43  22.5258
2.44  22.6085
2.45  22.6911
2.46  22.7736
2.47  22.8559
2.48  22.9382
2.49  23.0203
2.5  23.1023
2.51  23.1842
2.52  23.266
2.53  23.3477
2.54  23.4292
2.55  23.5107
2.56  23.592
2.57  23.6732
2.58  23.7543
2.59  23.8353
2.6  23.9161
2.61  23.9969
2.62  24.0775
2.63  24.158
2.64  24.2384
2.65  24.3187
2.66  24.3989
2.67  24.4789
2.68  24.5588
2.69  24.6386
2.7  24.7183
2.71  24.7979
2.72  24.8774
2.73  24.9567
2.74  25.0359
2.75  25.115
2.76  25.194
2.77  25.2728
2.78  25.3516
2.79  25.4302
2.8  25.5087
2.81  25.587
2.82  25.6653
2.83  25.7434
2.84  25.8214
2.85  25.8993
2.86  25.9771
2.87  26.0547
2.88  26.1323
2.89  26.2097
2.9  26.2869
2.91  26.3641
2.92  26.4411
2.93  26.518
2.94  26.5948
2.95  26.6715
2.96  26.748
2.97  26.8245
2.98  26.9008
2.99  26.9769
3  27.053
3.01  27.1289
3.02  27.2047
3.03  27.2804
3.04  27.3559
3.05  27.4314
3.06  27.5067
3.07  27.5818
3.08  27.6569
3.09  27.7318
3.1  27.8066
3.11  27.8813
3.12  27.9559
3.13  28.0303
3.14  28.1046
3.15  28.1788
3.16  28.2528
3.17  28.3267
3.18  28.4005
3.19  28.4742
3.2  28.5477
3.21  28.6212
3.22  28.6944
3.23  28.7676
3.24  28.8407
3.25  28.9136
3.26  28.9863
3.27  29.059
3.28  29.1315
3.29  29.2039
3.3  29.2762
3.31  29.3484
3.32  29.4204
3.33  29.4923
3.34  29.564
3.35  29.6357
3.36  29.7072
3.37  29.7786
3.38  29.8498
3.39  29.9209
3.4  29.9919
3.41  30.0628
3.42  30.1335
3.43  30.2041
3.44  30.2746
3.45  30.345
3.46  30.4152
3.47  30.4853
3.48  30.5553
3.49  30.6251
3.5  30.6948
3.51  30.7644
3.52  30.8339
3.53  30.9032
3.54  30.9724
3.55  31.0414
3.56  31.1104
3.57  31.1792
3.58  31.2479
3.59  31.3164
3.6  31.3848
3.61  31.4531
3.62  31.5213
3.63  31.5893
3.64  31.6572
3.65  31.725
3.66  31.7926
3.67  31.8601
3.68  31.9275
3.69  31.9948
3.7  32.0619
3.71  32.1289
3.72  32.1957
3.73  32.2625
3.74  32.3291
3.75  32.3956
3.76  32.4619
3.77  32.5281
3.78  32.5942
3.79  32.6602
3.8  32.726
3.81  32.7917
3.82  32.8572
3.83  32.9227
3.84  32.988
3.85  33.0532
3.86  33.1182
3.87  33.1831
3.88  33.2479
3.89  33.3126
3.9  33.3771
3.91  33.4415
3.92  33.5058
3.93  33.5699
3.94  33.6339
3.95  33.6978
3.96  33.7615
3.97  33.8252
3.98  33.8886
3.99  33.952
4  34.0152
4.01  34.0783
4.02  34.1413
4.03  34.2041
4.04  34.2669
4.05  34.3294
4.06  34.3919
4.07  34.4542
4.08  34.5164
4.09  34.5785
4.1  34.6404
4.11  34.7022
4.12  34.7639
4.13  34.8254
4.14  34.8869
4.15  34.9481
4.16  35.0093
4.17  35.0703
4.18  35.1312
4.19  35.192
4.2  35.2526
4.21  35.3132
4.22  35.3735
4.23  35.4338
4.24  35.4939
4.25  35.5539
4.26  35.6138
4.27  35.6735
4.28  35.7332
4.29  35.7926
4.3  35.852
4.31  35.9112
4.32  35.9703
4.33  36.0293
4.34  36.0882
4.35  36.1469
4.36  36.2055
4.37  36.2639
4.38  36.3223
4.39  36.3805
4.4  36.4385
4.41  36.4965
4.42  36.5543
4.43  36.612
4.44  36.6696
4.45  36.727
4.46  36.7843
4.47  36.8415
4.48  36.8986
4.49  36.9555
4.5  37.0123
4.51  37.069
4.52  37.1255
4.53  37.182
4.54  37.2383
4.55  37.2944
4.56  37.3505
4.57  37.4064
4.58  37.4622
4.59  37.5179
4.6  37.5734
4.61  37.6288
4.62  37.6841
4.63  37.7393
4.64  37.7943
4.65  37.8492
4.66  37.904
4.67  37.9587
4.68  38.0132
4.69  38.0677
4.7  38.1219
4.71  38.1761
4.72  38.2301
4.73  38.2841
4.74  38.3379
4.75  38.3915
4.76  38.4451
4.77  38.4985
4.78  38.5518
4.79  38.6049
4.8  38.658
4.81  38.7109
4.82  38.7637
4.83  38.8164
4.84  38.8689
4.85  38.9214
4.86  38.9737
4.87  39.0259
4.88  39.0779
4.89  39.1299
4.9  39.1817
4.91  39.2334
4.92  39.2849
4.93  39.3364
4.94  39.3877
4.95  39.4389
4.96  39.49
4.97  39.541
4.98  39.5918
4.99  39.6425
5  39.6931
5.01  39.7436
5.02  39.794
5.03  39.8442
5.04  39.8943
5.05  39.9443
5.06  39.9942
5.07  40.0439
5.08  40.0936
5.09  40.1431
5.1  40.1925
5.11  40.2417
5.12  40.2909
5.13  40.3399
5.14  40.3888
5.15  40.4376
5.16  40.4863
5.17  40.5349
5.18  40.5833
5.19  40.6316
5.2  40.6798
5.21  40.7279
5.22  40.7759
5.23  40.8237
5.24  40.8715
5.25  40.9191
5.26  40.9666
5.27  41.014
5.28  41.0612
5.29  41.1084
5.3  41.1554
5.31  41.2023
5.32  41.2491
5.33  41.2958
5.34  41.3423
5.35  41.3888
5.36  41.4351
5.37  41.4813
5.38  41.5274
5.39  41.5734
5.4  41.6193
5.41  41.665
5.42  41.7107
5.43  41.7562
5.44  41.8016
5.45  41.8469
5.46  41.8921
5.47  41.9371
5.48  41.9821
5.49  42.0269
5.5  42.0716
5.51  42.1163
5.52  42.1608
5.53  42.2051
5.54  42.2494
5.55  42.2936
5.56  42.3376
5.57  42.3815
5.58  42.4254
5.59  42.4691
5.6  42.5127
5.61  42.5562
5.62  42.5995
5.63  42.6428
5.64  42.6859
5.65  42.729
5.66  42.7719
5.67  42.8147
5.68  42.8574
5.69  42.9
5.7  42.9425
5.71  42.9849
5.72  43.0272
5.73  43.0693
5.74  43.1114
5.75  43.1533
5.76  43.1951
5.77  43.2369
5.78  43.2785
5.79  43.32
5.8  43.3614
5.81  43.4027
5.82  43.4438
5.83  43.4849
5.84  43.5259
5.85  43.5667
5.86  43.6075
5.87  43.6481
5.88  43.6887
5.89  43.7291
5.9  43.7694
5.91  43.8096
5.92  43.8497
5.93  43.8897
5.94  43.9296
5.95  43.9694
5.96  44.0091
5.97  44.0487
5.98  44.0882
5.99  44.1275
6  44.1668
6.01  44.206
6.02  44.245
6.03  44.284
6.04  44.3228
6.05  44.3616
6.06  44.4002
6.07  44.4387
6.08  44.4772
6.09  44.5155
6.1  44.5537
6.11  44.5919
6.12  44.6299
6.13  44.6678
6.14  44.7056
6.15  44.7433
6.16  44.7809
6.17  44.8185
6.18  44.8559
6.19  44.8932
6.2  44.9304
6.21  44.9675
6.22  45.0045
6.23  45.0414
6.24  45.0782
6.25  45.1149
6.26  45.1515
6.27  45.188
6.28  45.2244
6.29  45.2608
6.3  45.297
6.31  45.3331
6.32  45.3691
6.33  45.405
6.34  45.4408
6.35  45.4765
6.36  45.5122
6.37  45.5477
6.38  45.5831
6.39  45.6184
6.4  45.6537
6.41  45.6888
6.42  45.7238
6.43  45.7588
6.44  45.7936
6.45  45.8284
6.46  45.863
6.47  45.8976
6.48  45.932
6.49  45.9664
6.5  46.0006
6.51  46.0348
6.52  46.0689
6.53  46.1029
6.54  46.1368
6.55  46.1706
6.56  46.2043
6.57  46.2379
6.58  46.2714
6.59  46.3048
6.6  46.3381
6.61  46.3714
6.62  46.4045
6.63  46.4376
6.64  46.4705
6.65  46.5034
6.66  46.5361
6.67  46.5688
6.68  46.6014
6.69  46.6339
6.7  46.6663
6.71  46.6986
6.72  46.7308
6.73  46.763
6.74  46.795
6.75  46.827
6.76  46.8588
6.77  46.8906
6.78  46.9223
6.79  46.9539
6.8  46.9854
6.81  47.0168
6.82  47.0481
6.83  47.0793
6.84  47.1105
6.85  47.1415
6.86  47.1725
6.87  47.2034
6.88  47.2342
6.89  47.2649
6.9  47.2955
6.91  47.326
6.92  47.3565
6.93  47.3868
6.94  47.4171
6.95  47.4473
6.96  47.4774
6.97  47.5074
6.98  47.5373
6.99  47.5671
7  47.5969
7.01  47.6265
7.02  47.6561
7.03  47.6856
7.04  47.715
7.05  47.7444
7.06  47.7736
7.07  47.8028
7.08  47.8318
7.09  47.8608
7.1  47.8897
7.11  47.9186
7.12  47.9473
7.13  47.976
7.14  48.0045
7.15  48.033
7.16  48.0614
7.17  48.0898
7.18  48.118
7.19  48.1462
7.2  48.1742
7.21  48.2022
7.22  48.2302
7.23  48.258
7.24  48.2857
7.25  48.3134
7.26  48.341
7.27  48.3685
7.28  48.396
7.29  48.4233
7.3  48.4506
7.31  48.4778
7.32  48.5049
7.33  48.5319
7.34  48.5589
7.35  48.5858
7.36  48.6126
7.37  48.6393
7.38  48.6659
7.39  48.6925
7.4  48.719
7.41  48.7454
7.42  48.7717
7.43  48.7979
7.44  48.8241
7.45  48.8502
7.46  48.8762
7.47  48.9022
7.48  48.9281
7.49  48.9538
7.5  48.9796
7.51  49.0052
7.52  49.0308
7.53  49.0562
7.54  49.0817
7.55  49.107
7.56  49.1323
7.57  49.1574
7.58  49.1826
7.59  49.2076
7.6  49.2326
7.61  49.2574
7.62  49.2823
7.63  49.307
7.64  49.3317
7.65  49.3563
7.66  49.3808
7.67  49.4052
7.68  49.4296
7.69  49.4539
7.7  49.4781
7.71  49.5023
7.72  49.5264
7.73  49.5504
7.74  49.5743
7.75  49.5982
7.76  49.622
7.77  49.6457
7.78  49.6694
7.79  49.693
7.8  49.7165
7.81  49.7399
7.82  49.7633
7.83  49.7866
7.84  49.8099
7.85  49.833
7.86  49.8561
7.87  49.8791
7.88  49.9021
7.89  49.925
7.9  49.9478
7.91  49.9706
7.92  49.9932
7.93  50.0158
7.94  50.0384
7.95  50.0609
7.96  50.0833
7.97  50.1056
7.98  50.1279
7.99  50.1501
8  50.1722
8.01  50.1943
8.02  50.2163
8.03  50.2383
8.04  50.2601
8.05  50.2819
8.06  50.3037
8.07  50.3253
8.08  50.347
8.09  50.3685
8.1  50.39
8.11  50.4114
8.12  50.4327
8.13  50.454
8.14  50.4752
8.15  50.4964
8.16  50.5175
8.17  50.5385
8.18  50.5594
8.19  50.5803
8.2  50.6012
8.21  50.6219
8.22  50.6426
8.23  50.6633
8.24  50.6839
8.25  50.7044
8.26  50.7248
8.27  50.7452
8.28  50.7656
8.29  50.7858
8.3  50.806
8.31  50.8262
8.32  50.8462
8.33  50.8663
8.34  50.8862
8.35  50.9061
8.36  50.9259
8.37  50.9457
8.38  50.9654
8.39  50.9851
8.4  51.0047
8.41  51.0242
8.42  51.0437
8.43  51.0631
8.44  51.0824
8.45  51.1017
8.46  51.121
8.47  51.1401
8.48  51.1593
8.49  51.1783
8.5  51.1973
8.51  51.2162
8.52  51.2351
8.53  51.2539
8.54  51.2727
8.55  51.2914
8.56  51.3101
8.57  51.3286
8.58  51.3472
8.59  51.3656
8.6  51.3841
8.61  51.4024
8.62  51.4207
8.63  51.439
8.64  51.4572
8.65  51.4753
8.66  51.4934
8.67  51.5114
8.68  51.5294
8.69  51.5473
8.7  51.5651
8.71  51.5829
8.72  51.6007
8.73  51.6183
8.74  51.636
8.75  51.6536
8.76  51.6711
8.77  51.6885
8.78  51.706
8.79  51.7233
8.8  51.7406
8.81  51.7579
8.82  51.7751
8.83  51.7922
8.84  51.8093
8.85  51.8263
8.86  51.8433
8.87  51.8602
8.88  51.8771
8.89  51.8939
8.9  51.9107
8.91  51.9274
8.92  51.9441
8.93  51.9607
8.94  51.9773
8.95  51.9938
8.96  52.0102
8.97  52.0267
8.98  52.043
8.99  52.0593
9  52.0756
9.01  52.0918
9.02  52.1079
9.03  52.124
9.04  52.1401
9.05  52.1561
9.06  52.172
9.07  52.1879
9.08  52.2038
9.09  52.2196
9.1  52.2353
9.11  52.251
9.12  52.2667
9.13  52.2823
9.14  52.2978
9.15  52.3133
9.16  52.3288
9.17  52.3442
9.18  52.3595
9.19  52.3748
9.2  52.3901
9.21  52.4053
9.22  52.4205
9.23  52.4356
9.24  52.4506
9.25  52.4657
9.26  52.4806
9.27  52.4956
9.28  52.5104
9.29  52.5253
9.3  52.54
9.31  52.5548
9.32  52.5695
9.33  52.5841
9.34  52.5987
9.35  52.6133
9.36  52.6278
9.37  52.6422
9.38  52.6566
9.39  52.671
9.4  52.6853
9.41  52.6996
9.42  52.7138
9.43  52.728
9.44  52.7422
9.45  52.7562
9.46  52.7703
9.47  52.7843
9.48  52.7983
9.49  52.8122
9.5  52.826
9.51  52.8399
9.52  52.8537
9.53  52.8674
9.54  52.8811
9.55  52.8947
9.56  52.9084
9.57  52.9219
9.58  52.9354
9.59  52.9489
9.6  52.9623
9.61  52.9757
9.62  52.9891
9.63  53.0024
9.64  53.0157
9.65  53.0289
9.66  53.0421
9.67  53.0552
9.68  53.0683
9.69  53.0813
9.7  53.0944
9.71  53.1073
9.72  53.1203
9.73  53.1331
9.74  53.146
9.75  53.1588
9.76  53.1716
9.77  53.1843
9.78  53.197
9.79  53.2096
9.8  53.2222
9.81  53.2348
9.82  53.2473
9.83  53.2598
9.84  53.2722
9.85  53.2846
9.86  53.297
9.87  53.3093
9.88  53.3216
9.89  53.3338
9.9  53.346
9.91  53.3582
9.92  53.3703
9.93  53.3824
9.94  53.3944
9.95  53.4064
9.96  53.4184
9.97  53.4303
9.98  53.4422
9.99  53.4541
10  53.4659
10.01  53.4776
10.02  53.4894
10.03  53.5011
10.04  53.5127
10.05  53.5244
10.06  53.536
10.07  53.5475
10.08  53.559
10.09  53.5705
10.1  53.5819
10.11  53.5933
10.12  53.6047
10.13  53.616
10.14  53.6273
10.15  53.6386
10.16  53.6498
10.17  53.661
10.18  53.6721
10.19  53.6832
10.2  53.6943
10.21  53.7053
10.22  53.7163
10.23  53.7273
10.24  53.7382
10.25  53.7491
10.26  53.76
10.27  53.7708
10.28  53.7816
10.29  53.7924
10.3  53.8031
10.31  53.8138
10.32  53.8244
10.33  53.835
10.34  53.8456
10.35  53.8562
10.36  53.8667
10.37  53.8771
10.38  53.8876
10.39  53.898
10.4  53.9084
10.41  53.9187
10.42  53.929
10.43  53.9393
10.44  53.9495
10.45  53.9598
10.46  53.9699
10.47  53.9801
10.48  53.9902
10.49  54.0003
10.5  54.0103
10.51  54.0203
10.52  54.0303
10.53  54.0402
10.54  54.0501
10.55  54.06
10.56  54.0699
10.57  54.0797
10.58  54.0895
10.59  54.0992
10.6  54.1089
10.61  54.1186
10.62  54.1283
10.63  54.1379
10.64  54.1475
10.65  54.1571
10.66  54.1666
10.67  54.1761
10.68  54.1856
10.69  54.195
10.7  54.2044
10.71  54.2138
10.72  54.2232
10.73  54.2325
10.74  54.2418
10.75  54.251
10.76  54.2602
10.77  54.2694
10.78  54.2786
10.79  54.2877
10.8  54.2968
10.81  54.3059
10.82  54.315
10.83  54.324
10.84  54.333
10.85  54.3419
10.86  54.3508
10.87  54.3597
10.88  54.3686
10.89  54.3774
10.9  54.3863
10.91  54.395
10.92  54.4038
10.93  54.4125
10.94  54.4212
10.95  54.4299
10.96  54.4385
10.97  54.4471
10.98  54.4557
10.99  54.4643
11  54.4728
11.01  54.4813
11.02  54.4897
11.03  54.4982
11.04  54.5066
11.05  54.515
11.06  54.5233
11.07  54.5317
11.08  54.54
11.09  54.5483
11.1  54.5565
11.11  54.5647
11.12  54.5729
11.13  54.5811
11.14  54.5892
11.15  54.5974
11.16  54.6054
11.17  54.6135
11.18  54.6215
11.19  54.6295
11.2  54.6375
11.21  54.6455
11.22  54.6534
11.23  54.6613
11.24  54.6692
11.25  54.677
11.26  54.6849
11.27  54.6927
11.28  54.7004
11.29  54.7082
11.3  54.7159
11.31  54.7236
11.32  54.7313
11.33  54.7389
11.34  54.7465
11.35  54.7541
11.36  54.7617
11.37  54.7693
11.38  54.7768
11.39  54.7843
11.4  54.7917
11.41  54.7992
11.42  54.8066
11.43  54.814
11.44  54.8214
11.45  54.8287
11.46  54.836
11.47  54.8433
11.48  54.8506
11.49  54.8579
11.5  54.8651
11.51  54.8723
11.52  54.8795
11.53  54.8866
11.54  54.8938
11.55  54.9009
11.56  54.908
11.57  54.915
11.58  54.9221
11.59  54.9291
11.6  54.9361
11.61  54.943
11.62  54.95
11.63  54.9569
11.64  54.9638
11.65  54.9707
11.66  54.9775
11.67  54.9844
11.68  54.9912
11.69  54.998
11.7  55.0047
11.71  55.0115
11.72  55.0182
11.73  55.0249
11.74  55.0316
11.75  55.0382
11.76  55.0448
11.77  55.0514
11.78  55.058
11.79  55.0646
11.8  55.0711
11.81  55.0777
11.82  55.0842
11.83  55.0906
11.84  55.0971
11.85  55.1035
11.86  55.1099
11.87  55.1163
11.88  55.1227
11.89  55.129
11.9  55.1354
11.91  55.1417
11.92  55.148
11.93  55.1542
11.94  55.1605
11.95  55.1667
11.96  55.1729
11.97  55.1791
11.98  55.1852
11.99  55.1914
12  55.1975
12.01  55.2036
12.02  55.2097
12.03  55.2157
12.04  55.2218
12.05  55.2278
12.06  55.2338
12.07  55.2398
12.08  55.2457
12.09  55.2517
12.1  55.2576
12.11  55.2635
12.12  55.2694
12.13  55.2752
12.14  55.2811
12.15  55.2869
12.16  55.2927
12.17  55.2985
12.18  55.3043
12.19  55.31
12.2  55.3157
12.21  55.3214
12.22  55.3271
12.23  55.3328
12.24  55.3384
12.25  55.3441
12.26  55.3497
12.27  55.3553
12.28  55.3608
12.29  55.3664
12.3  55.3719
12.31  55.3775
12.32  55.383
12.33  55.3884
12.34  55.3939
12.35  55.3993
12.36  55.4048
12.37  55.4102
12.38  55.4156
12.39  55.4209
12.4  55.4263
12.41  55.4316
12.42  55.4369
12.43  55.4423
12.44  55.4475
12.45  55.4528
12.46  55.458
12.47  55.4633
12.48  55.4685
12.49  55.4737
12.5  55.4789
12.51  55.484
12.52  55.4892
12.53  55.4943
12.54  55.4994
12.55  55.5045
12.56  55.5096
12.57  55.5146
12.58  55.5197
12.59  55.5247
12.6  55.5297
12.61  55.5347
12.62  55.5397
12.63  55.5446
12.64  55.5496
12.65  55.5545
12.66  55.5594
12.67  55.5643
12.68  55.5692
12.69  55.574
12.7  55.5789
12.71  55.5837
12.72  55.5885
12.73  55.5933
12.74  55.5981
12.75  55.6028
12.76  55.6076
12.77  55.6123
12.78  55.617
12.79  55.6217
12.8  55.6264
12.81  55.6311
12.82  55.6357
12.83  55.6403
12.84  55.645
12.85  55.6496
12.86  55.6542
12.87  55.6587
12.88  55.6633
12.89  55.6678
12.9  55.6724
12.91  55.6769
12.92  55.6814
12.93  55.6859
12.94  55.6903
12.95  55.6948
12.96  55.6992
12.97  55.7036
12.98  55.708
12.99  55.7124
13  55.7168
13.01  55.7212
13.02  55.7255
13.03  55.7299
13.04  55.7342
13.05  55.7385
13.06  55.7428
13.07  55.747
13.08  55.7513
13.09  55.7555
13.1  55.7598
13.11  55.764
13.12  55.7682
13.13  55.7724
13.14  55.7766
13.15  55.7807
13.16  55.7849
13.17  55.789
13.18  55.7931
13.19  55.7972
13.2  55.8013
13.21  55.8054
13.22  55.8095
13.23  55.8135
13.24  55.8176
13.25  55.8216
13.26  55.8256
13.27  55.8296
13.28  55.8336
13.29  55.8375
13.3  55.8415
13.31  55.8454
13.32  55.8494
13.33  55.8533
13.34  55.8572
13.35  55.8611
13.36  55.865
13.37  55.8688
13.38  55.8727
13.39  55.8765
13.4  55.8803
13.41  55.8842
13.42  55.888
13.43  55.8917
13.44  55.8955
13.45  55.8993
13.46  55.903
13.47  55.9068
13.48  55.9105
13.49  55.9142
13.5  55.9179
13.51  55.9216
13.52  55.9252
13.53  55.9289
13.54  55.9326
13.55  55.9362
13.56  55.9398
13.57  55.9434
13.58  55.947
13.59  55.9506
13.6  55.9542
13.61  55.9578
13.62  55.9613
13.63  55.9648
13.64  55.9684
13.65  55.9719
13.66  55.9754
13.67  55.9789
13.68  55.9824
13.69  55.9858
13.7  55.9893
13.71  55.9927
13.72  55.9962
13.73  55.9996
13.74  56.003
13.75  56.0064
13.76  56.0098
13.77  56.0132
13.78  56.0165
13.79  56.0199
13.8  56.0232
13.81  56.0265
13.82  56.0299
13.83  56.0332
13.84  56.0365
13.85  56.0398
13.86  56.043
13.87  56.0463
13.88  56.0495
13.89  56.0528
13.9  56.056
13.91  56.0592
13.92  56.0624
13.93  56.0656
13.94  56.0688
13.95  56.072
13.96  56.0752
13.97  56.0783
13.98  56.0815
13.99  56.0846
14  56.0877
14.01  56.0908
14.02  56.0939
14.03  56.097
14.04  56.1001
14.05  56.1032
14.06  56.1062
14.07  56.1093
14.08  56.1123
14.09  56.1153
14.1  56.1184
14.11  56.1214
14.12  56.1244
14.13  56.1274
14.14  56.1303
14.15  56.1333
14.16  56.1363
14.17  56.1392
14.18  56.1421
14.19  56.1451
14.2  56.148
14.21  56.1509
14.22  56.1538
14.23  56.1567
14.24  56.1596
14.25  56.1624
14.26  56.1653
14.27  56.1681
14.28  56.171
14.29  56.1738
14.3  56.1766
14.31  56.1794
14.32  56.1822
14.33  56.185
14.34  56.1878
14.35  56.1906
14.36  56.1934
14.37  56.1961
14.38  56.1989
14.39  56.2016
14.4  56.2043
14.41  56.207
14.42  56.2097
14.43  56.2124
14.44  56.2151
14.45  56.2178
14.46  56.2205
14.47  56.2231
14.48  56.2258
14.49  56.2284
14.5  56.2311
14.51  56.2337
14.52  56.2363
14.53  56.2389
14.54  56.2415
14.55  56.2441
14.56  56.2467
14.57  56.2493
14.58  56.2518
14.59  56.2544
14.6  56.2569
14.61  56.2595
14.62  56.262
14.63  56.2645
14.64  56.267
14.65  56.2695
14.66  56.272
14.67  56.2745
14.68  56.277
14.69  56.2795
14.7  56.2819
14.71  56.2844
14.72  56.2868
14.73  56.2893
14.74  56.2917
14.75  56.2941
14.76  56.2965
14.77  56.2989
14.78  56.3013
14.79  56.3037
14.8  56.3061
14.81  56.3085
14.82  56.3108
14.83  56.3132
14.84  56.3155
14.85  56.3179
14.86  56.3202
14.87  56.3225
14.88  56.3248
14.89  56.3272
14.9  56.3295
14.91  56.3317
14.92  56.334
14.93  56.3363
14.94  56.3386
14.95  56.3408
14.96  56.3431
14.97  56.3453
14.98  56.3476
14.99  56.3498
15  56.352
15.01  56.3542
15.02  56.3565
15.03  56.3587
15.04  56.3608
15.05  56.363
15.06  56.3652
15.07  56.3674
15.08  56.3695
15.09  56.3717
15.1  56.3739
15.11  56.376
15.12  56.3781
15.13  56.3803
15.14  56.3824
15.15  56.3845
15.16  56.3866
15.17  56.3887
15.18  56.3908
15.19  56.3929
15.2  56.3949
15.21  56.397
15.22  56.3991
15.23  56.4011
15.24  56.4032
15.25  56.4052
15.26  56.4073
15.27  56.4093
15.28  56.4113
15.29  56.4133
15.3  56.4153
15.31  56.4173
15.32  56.4193
15.33  56.4213
15.34  56.4233
15.35  56.4253
15.36  56.4272
15.37  56.4292
15.38  56.4311
15.39  56.4331
15.4  56.435
15.41  56.437
15.42  56.4389
15.43  56.4408
15.44  56.4427
15.45  56.4446
15.46  56.4465
15.47  56.4484
15.48  56.4503
15.49  56.4522
15.5  56.4541
15.51  56.4559
15.52  56.4578
15.53  56.4596
15.54  56.4615
15.55  56.4633
15.56  56.4652
15.57  56.467
15.58  56.4688
15.59  56.4706
15.6  56.4725
15.61  56.4743
15.62  56.4761
15.63  56.4779
15.64  56.4796
15.65  56.4814
15.66  56.4832
15.67  56.485
15.68  56.4867
15.69  56.4885
15.7  56.4902
15.71  56.492
15.72  56.4937
15.73  56.4955
15.74  56.4972
15.75  56.4989
15.76  56.5006
15.77  56.5023
15.78  56.504
15.79  56.5057
15.8  56.5074
15.81  56.5091
15.82  56.5108
15.83  56.5125
15.84  56.5141
15.85  56.5158
15.86  56.5175
15.87  56.5191
15.88  56.5208
15.89  56.5224
15.9  56.524
15.91  56.5257
15.92  56.5273
15.93  56.5289
15.94  56.5305
15.95  56.5321
15.96  56.5337
15.97  56.5353
15.98  56.5369
15.99  56.5385
16  56.5401
16.01  56.5417
16.02  56.5432
16.03  56.5448
16.04  56.5463
16.05  56.5479
16.06  56.5495
16.07  56.551
16.08  56.5525
16.09  56.5541
16.1  56.5556
16.11  56.5571
16.12  56.5586
16.13  56.5601
16.14  56.5616
16.15  56.5632
16.16  56.5646
16.17  56.5661
16.18  56.5676
16.19  56.5691
16.2  56.5706
16.21  56.5721
16.22  56.5735
16.23  56.575
16.24  56.5764
16.25  56.5779
16.26  56.5793
16.27  56.5808
16.28  56.5822
16.29  56.5836
16.3  56.5851
16.31  56.5865
16.32  56.5879
16.33  56.5893
16.34  56.5907
16.35  56.5921
16.36  56.5935
16.37  56.5949
16.38  56.5963
16.39  56.5977
16.4  56.5991
16.41  56.6004
16.42  56.6018
16.43  56.6032
16.44  56.6045
16.45  56.6059
16.46  56.6072
16.47  56.6086
16.48  56.6099
16.49  56.6113
16.5  56.6126
16.51  56.6139
16.52  56.6152
16.53  56.6166
16.54  56.6179
16.55  56.6192
16.56  56.6205
16.57  56.6218
16.58  56.6231
16.59  56.6244
16.6  56.6257
16.61  56.627
16.62  56.6282
16.63  56.6295
16.64  56.6308
16.65  56.632
16.66  56.6333
16.67  56.6346
16.68  56.6358
16.69  56.6371
16.7  56.6383
16.71  56.6395
16.72  56.6408
16.73  56.642
16.74  56.6432
16.75  56.6445
16.76  56.6457
16.77  56.6469
16.78  56.6481
16.79  56.6493
16.8  56.6505
16.81  56.6517
16.82  56.6529
16.83  56.6541
16.84  56.6553
16.85  56.6565
16.86  56.6576
16.87  56.6588
16.88  56.66
16.89  56.6611
16.9  56.6623
16.91  56.6635
16.92  56.6646
16.93  56.6658
16.94  56.6669
16.95  56.6681
16.96  56.6692
16.97  56.6703
16.98  56.6715
16.99  56.6726
17  56.6737
17.01  56.6748
17.02  56.6759
17.03  56.6771
17.04  56.6782
17.05  56.6793
17.06  56.6804
17.07  56.6815
17.08  56.6826
17.09  56.6836
17.1  56.6847
17.11  56.6858
17.12  56.6869
17.13  56.688
17.14  56.689
17.15  56.6901
17.16  56.6912
17.17  56.6922
17.18  56.6933
17.19  56.6943
17.2  56.6954
17.21  56.6964
17.22  56.6975
17.23  56.6985
17.24  56.6995
17.25  56.7006
17.26  56.7016
17.27  56.7026
17.28  56.7036
17.29  56.7046
17.3  56.7057
17.31  56.7067
17.32  56.7077
17.33  56.7087
17.34  56.7097
17.35  56.7107
17.36  56.7117
17.37  56.7127
17.38  56.7136
17.39  56.7146
17.4  56.7156
17.41  56.7166
17.42  56.7176
17.43  56.7185
17.44  56.7195
17.45  56.7204
17.46  56.7214
17.47  56.7224
17.48  56.7233
17.49  56.7243
17.5  56.7252
17.51  56.7262
17.52  56.7271
17.53  56.728
17.54  56.729
17.55  56.7299
17.56  56.7308
17.57  56.7317
17.58  56.7327
17.59  56.7336
17.6  56.7345
17.61  56.7354
17.62  56.7363
17.63  56.7372
17.64  56.7381
17.65  56.739
17.66  56.7399
17.67  56.7408
17.68  56.7417
17.69  56.7426
17.7  56.7435
17.71  56.7443
17.72  56.7452
17.73  56.7461
17.74  56.747
17.75  56.7478
17.76  56.7487
17.77  56.7496
17.78  56.7504
17.79  56.7513
17.8  56.7521
17.81  56.753
17.82  56.7538
17.83  56.7547
17.84  56.7555
17.85  56.7564
17.86  56.7572
17.87  56.758
17.88  56.7589
17.89  56.7597
17.9  56.7605
17.91  56.7613
17.92  56.7621
17.93  56.763
17.94  56.7638
17.95  56.7646
17.96  56.7654
17.97  56.7662
17.98  56.767
17.99  56.7678
18  56.7686
18.01  56.7694
18.02  56.7702
18.03  56.771
18.04  56.7718
18.05  56.7725
18.06  56.7733
18.07  56.7741
18.08  56.7749
18.09  56.7756
18.1  56.7764
18.11  56.7772
18.12  56.7779
18.13  56.7787
18.14  56.7795
18.15  56.7802
18.16  56.781
18.17  56.7817
18.18  56.7825
18.19  56.7832
18.2  56.784
18.21  56.7847
18.22  56.7855
18.23  56.7862
18.24  56.7869
18.25  56.7877
18.26  56.7884
18.27  56.7891
18.28  56.7898
18.29  56.7906
18.3  56.7913
18.31  56.792
18.32  56.7927
18.33  56.7934
18.34  56.7941
18.35  56.7948
18.36  56.7955
18.37  56.7962
18.38  56.7969
18.39  56.7976
18.4  56.7983
18.41  56.799
18.42  56.7997
18.43  56.8004
18.44  56.8011
18.45  56.8018
18.46  56.8024
18.47  56.8031
18.48  56.8038
18.49  56.8045
18.5  56.8051
18.51  56.8058
18.52  56.8065
18.53  56.8071
18.54  56.8078
18.55  56.8085
18.56  56.8091
18.57  56.8098
18.58  56.8104
18.59  56.8111
18.6  56.8117
18.61  56.8124
18.62  56.813
18.63  56.8137
18.64  56.8143
18.65  56.8149
18.66  56.8156
18.67  56.8162
18.68  56.8168
18.69  56.8175
18.7  56.8181
18.71  56.8187
18.72  56.8193
18.73  56.82
18.74  56.8206
18.75  56.8212
18.76  56.8218
18.77  56.8224
18.78  56.823
18.79  56.8236
18.8  56.8242
18.81  56.8248
18.82  56.8254
18.83  56.826
18.84  56.8266
18.85  56.8272
18.86  56.8278
18.87  56.8284
18.88  56.829
18.89  56.8296
18.9  56.8302
18.91  56.8308
18.92  56.8314
18.93  56.8319
18.94  56.8325
18.95  56.8331
18.96  56.8337
18.97  56.8342
18.98  56.8348
18.99  56.8354
19  56.8359
19.01  56.8365
19.02  56.8371
19.03  56.8376
19.04  56.8382
19.05  56.8387
19.06  56.8393
19.07  56.8398
19.08  56.8404
19.09  56.8409
19.1  56.8415
19.11  56.842
19.12  56.8426
19.13  56.8431
19.14  56.8436
19.15  56.8442
19.16  56.8447
19.17  56.8452
19.18  56.8458
19.19  56.8463
19.2  56.8468
19.21  56.8474
19.22  56.8479
19.23  56.8484
19.24  56.8489
19.25  56.8494
19.26  56.85
19.27  56.8505
19.28  56.851
19.29  56.8515
19.3  56.852
19.31  56.8525
19.32  56.853
19.33  56.8535
19.34  56.854
19.35  56.8545
19.36  56.855
19.37  56.8555
19.38  56.856
19.39  56.8565
19.4  56.857
19.41  56.8575
19.42  56.858
19.43  56.8585
19.44  56.859
19.45  56.8595
19.46  56.8599
19.47  56.8604
19.48  56.8609
19.49  56.8614
19.5  56.8619
19.51  56.8623
19.52  56.8628
19.53  56.8633
19.54  56.8637
19.55  56.8642
19.56  56.8647
19.57  56.8651
19.58  56.8656
19.59  56.8661
19.6  56.8665
19.61  56.867
19.62  56.8674
19.63  56.8679
19.64  56.8684
19.65  56.8688
19.66  56.8693
19.67  56.8697
19.68  56.8701
19.69  56.8706
19.7  56.871
19.71  56.8715
19.72  56.8719
19.73  56.8724
19.74  56.8728
19.75  56.8732
19.76  56.8737
19.77  56.8741
19.78  56.8745
19.79  56.875
19.8  56.8754
19.81  56.8758
19.82  56.8763
19.83  56.8767
19.84  56.8771
19.85  56.8775
19.86  56.8779
19.87  56.8784
19.88  56.8788
19.89  56.8792
19.9  56.8796
19.91  56.88
19.92  56.8804
19.93  56.8809
19.94  56.8813
19.95  56.8817
19.96  56.8821
19.97  56.8825
19.98  56.8829
19.99  56.8833
20  56.8837
20.01  56.8841
20.02  56.8845
20.03  56.8849
20.04  56.8853
20.05  56.8857
20.06  56.8861
20.07  56.8865
20.08  56.8868
20.09  56.8872
20.1  56.8876
20.11  56.888
20.12  56.8884
20.13  56.8888
20.14  56.8892
20.15  56.8895
20.16  56.8899
20.17  56.8903
20.18  56.8907
20.19  56.891
20.2  56.8914
20.21  56.8918
20.22  56.8922
20.23  56.8925
20.24  56.8929
20.25  56.8933
20.26  56.8936
20.27  56.894
20.28  56.8944
20.29  56.8947
20.3  56.8951
20.31  56.8955
20.32  56.8958
20.33  56.8962
20.34  56.8965
20.35  56.8969
20.36  56.8972
20.37  56.8976
20.38  56.8979
20.39  56.8983
20.4  56.8986
20.41  56.899
20.42  56.8993
20.43  56.8997
20.44  56.9
20.45  56.9004
20.46  56.9007
20.47  56.9011
20.48  56.9014
20.49  56.9017
20.5  56.9021
20.51  56.9024
20.52  56.9027
20.53  56.9031
20.54  56.9034
20.55  56.9037
20.56  56.9041
20.57  56.9044
20.58  56.9047
20.59  56.9051
20.6  56.9054
20.61  56.9057
20.62  56.906
20.63  56.9064
20.64  56.9067
20.65  56.907
20.66  56.9073
20.67  56.9076
20.68  56.908
20.69  56.9083
20.7  56.9086
20.71  56.9089
20.72  56.9092
20.73  56.9095
20.74  56.9098
20.75  56.9101
20.76  56.9105
20.77  56.9108
20.78  56.9111
20.79  56.9114
20.8  56.9117
20.81  56.912
20.82  56.9123
20.83  56.9126
20.84  56.9129
20.85  56.9132
20.86  56.9135
20.87  56.9138
20.88  56.9141
20.89  56.9144
20.9  56.9147
20.91  56.915
20.92  56.9153
20.93  56.9155
20.94  56.9158
20.95  56.9161
20.96  56.9164
20.97  56.9167
20.98  56.917
20.99  56.9173
21  56.9176
21.01  56.9178
21.02  56.9181
21.03  56.9184
21.04  56.9187
21.05  56.919
21.06  56.9192
21.07  56.9195
21.08  56.9198
21.09  56.9201
21.1  56.9203
21.11  56.9206
21.12  56.9209
21.13  56.9212
21.14  56.9214
21.15  56.9217
21.16  56.922
21.17  56.9222
21.18  56.9225
21.19  56.9228
21.2  56.923
21.21  56.9233
21.22  56.9236
21.23  56.9238
21.24  56.9241
21.25  56.9244
21.26  56.9246
21.27  56.9249
21.28  56.9251
21.29  56.9254
21.3  56.9256
21.31  56.9259
21.32  56.9262
21.33  56.9264
21.34  56.9267
21.35  56.9269
21.36  56.9272
21.37  56.9274
21.38  56.9277
21.39  56.9279
21.4  56.9282
21.41  56.9284
21.42  56.9287
21.43  56.9289
21.44  56.9291
21.45  56.9294
21.46  56.9296
21.47  56.9299
21.48  56.9301
21.49  56.9304
21.5  56.9306
21.51  56.9308
21.52  56.9311
21.53  56.9313
21.54  56.9315
21.55  56.9318
21.56  56.932
21.57  56.9322
21.58  56.9325
21.59  56.9327
21.6  56.9329
21.61  56.9332
21.62  56.9334
21.63  56.9336
21.64  56.9339
21.65  56.9341
21.66  56.9343
21.67  56.9345
21.68  56.9348
21.69  56.935
21.7  56.9352
21.71  56.9354
21.72  56.9357
21.73  56.9359
21.74  56.9361
21.75  56.9363
21.76  56.9365
21.77  56.9368
21.78  56.937
21.79  56.9372
21.8  56.9374
21.81  56.9376
21.82  56.9378
21.83  56.938
21.84  56.9383
21.85  56.9385
21.86  56.9387
21.87  56.9389
21.88  56.9391
21.89  56.9393
21.9  56.9395
21.91  56.9397
21.92  56.9399
21.93  56.9401
21.94  56.9403
21.95  56.9406
21.96  56.9408
21.97  56.941
21.98  56.9412
21.99  56.9414
22  56.9416
22.01  56.9418
22.02  56.942
22.03  56.9422
22.04  56.9424
22.05  56.9426
22.06  56.9428
22.07  56.943
22.08  56.9432
22.09  56.9433
22.1  56.9435
22.11  56.9437
22.12  56.9439
22.13  56.9441
22.14  56.9443
22.15  56.9445
22.16  56.9447
22.17  56.9449
22.18  56.9451
22.19  56.9453
22.2  56.9455
22.21  56.9456
22.22  56.9458
22.23  56.946
22.24  56.9462
22.25  56.9464
22.26  56.9466
22.27  56.9468
22.28  56.9469
22.29  56.9471
22.3  56.9473
22.31  56.9475
22.32  56.9477
22.33  56.9478
22.34  56.948
22.35  56.9482
22.36  56.9484
22.37  56.9486
22.38  56.9487
22.39  56.9489
22.4  56.9491
22.41  56.9493
22.42  56.9494
22.43  56.9496
22.44  56.9498
22.45  56.95
22.46  56.9501
22.47  56.9503
22.48  56.9505
22.49  56.9506
22.5  56.9508
22.51  56.951
22.52  56.9511
22.53  56.9513
22.54  56.9515
22.55  56.9516
22.56  56.9518
22.57  56.952
22.58  56.9521
22.59  56.9523
22.6  56.9525
22.61  56.9526
22.62  56.9528
22.63  56.953
22.64  56.9531
22.65  56.9533
22.66  56.9534
22.67  56.9536
22.68  56.9538
22.69  56.9539
22.7  56.9541
22.71  56.9542
22.72  56.9544
22.73  56.9546
22.74  56.9547
22.75  56.9549
22.76  56.955
22.77  56.9552
22.78  56.9553
22.79  56.9555
22.8  56.9556
22.81  56.9558
22.82  56.9559
22.83  56.9561
22.84  56.9562
22.85  56.9564
22.86  56.9565
22.87  56.9567
22.88  56.9568
22.89  56.957
22.9  56.9571
22.91  56.9573
22.92  56.9574
22.93  56.9576
22.94  56.9577
22.95  56.9579
22.96  56.958
22.97  56.9582
22.98  56.9583
22.99  56.9584
23  56.9586
23.01  56.9587
23.02  56.9589
23.03  56.959
23.04  56.9592
23.05  56.9593
23.06  56.9594
23.07  56.9596
23.08  56.9597
23.09  56.9599
23.1  56.96
23.11  56.9601
23.12  56.9603
23.13  56.9604
23.14  56.9605
23.15  56.9607
23.16  56.9608
23.17  56.9609
23.18  56.9611
23.19  56.9612
23.2  56.9613
23.21  56.9615
23.22  56.9616
23.23  56.9617
23.24  56.9619
23.25  56.962
23.26  56.9621
23.27  56.9623
23.28  56.9624
23.29  56.9625
23.3  56.9627
23.31  56.9628
23.32  56.9629
23.33  56.963
23.34  56.9632
23.35  56.9633
23.36  56.9634
23.37  56.9635
23.38  56.9637
23.39  56.9638
23.4  56.9639
23.41  56.964
23.42  56.9642
23.43  56.9643
23.44  56.9644
23.45  56.9645
23.46  56.9647
23.47  56.9648
23.48  56.9649
23.49  56.965
23.5  56.9651
23.51  56.9653
23.52  56.9654
23.53  56.9655
23.54  56.9656
23.55  56.9657
23.56  56.9659
23.57  56.966
23.58  56.9661
23.59  56.9662
23.6  56.9663
23.61  56.9664
23.62  56.9665
23.63  56.9667
23.64  56.9668
23.65  56.9669
23.66  56.967
23.67  56.9671
23.68  56.9672
23.69  56.9673
23.7  56.9675
23.71  56.9676
23.72  56.9677
23.73  56.9678
23.74  56.9679
23.75  56.968
23.76  56.9681
23.77  56.9682
23.78  56.9683
23.79  56.9685
23.8  56.9686
23.81  56.9687
23.82  56.9688
23.83  56.9689
23.84  56.969
23.85  56.9691
23.86  56.9692
23.87  56.9693
23.88  56.9694
23.89  56.9695
23.9  56.9696
23.91  56.9697
23.92  56.9698
23.93  56.9699
23.94  56.97
23.95  56.9701
23.96  56.9702
23.97  56.9703
23.98  56.9704
23.99  56.9706
24  56.9707
24.01  56.9708
24.02  56.9709
24.03  56.971
24.04  56.9711
24.05  56.9712
24.06  56.9713
24.07  56.9714
24.08  56.9714
24.09  56.9715
24.1  56.9716
24.11  56.9717
24.12  56.9718
24.13  56.9719
24.14  56.972
24.15  56.9721
24.16  56.9722
24.17  56.9723
24.18  56.9724
24.19  56.9725
24.2  56.9726
24.21  56.9727
24.22  56.9728
24.23  56.9729
24.24  56.973
24.25  56.9731
24.26  56.9732
24.27  56.9733
24.28  56.9733
24.29  56.9734
24.3  56.9735
24.31  56.9736
24.32  56.9737
24.33  56.9738
24.34  56.9739
24.35  56.974
24.36  56.9741
24.37  56.9742
24.38  56.9743
24.39  56.9743
24.4  56.9744
24.41  56.9745
24.42  56.9746
24.43  56.9747
24.44  56.9748
24.45  56.9749
24.46  56.975
24.47  56.975
24.48  56.9751
24.49  56.9752
24.5  56.9753
24.51  56.9754
24.52  56.9755
24.53  56.9755
24.54  56.9756
24.55  56.9757
24.56  56.9758
24.57  56.9759
24.58  56.976
24.59  56.976
24.6  56.9761
24.61  56.9762
24.62  56.9763
24.63  56.9764
24.64  56.9765
24.65  56.9765
24.66  56.9766
24.67  56.9767
24.68  56.9768
24.69  56.9769
24.7  56.9769
24.71  56.977
24.72  56.9771
24.73  56.9772
24.74  56.9773
24.75  56.9773
24.76  56.9774
24.77  56.9775
24.78  56.9776
24.79  56.9776
24.8  56.9777
24.81  56.9778
24.82  56.9779
24.83  56.9779
24.84  56.978
24.85  56.9781
24.86  56.9782
24.87  56.9782
24.88  56.9783
24.89  56.9784
24.9  56.9785
24.91  56.9785
24.92  56.9786
24.93  56.9787
24.94  56.9788
24.95  56.9788
24.96  56.9789
24.97  56.979
24.98  56.9791
24.99  56.9791
25  56.9792
25.01  56.9793
25.02  56.9793
25.03  56.9794
25.04  56.9795
25.05  56.9796
25.06  56.9796
25.07  56.9797
25.08  56.9798
25.09  56.9798
25.1  56.9799
25.11  56.98
25.12  56.98
25.13  56.9801
25.14  56.9802
25.15  56.9802
25.16  56.9803
25.17  56.9804
25.18  56.9805
25.19  56.9805
25.2  56.9806
25.21  56.9807
25.22  56.9807
25.23  56.9808
25.24  56.9809
25.25  56.9809
25.26  56.981
25.27  56.981
25.28  56.9811
25.29  56.9812
25.3  56.9812
25.31  56.9813
25.32  56.9814
25.33  56.9814
25.34  56.9815
25.35  56.9816
25.36  56.9816
25.37  56.9817
25.38  56.9818
25.39  56.9818
25.4  56.9819
25.41  56.9819
25.42  56.982
25.43  56.9821
25.44  56.9821
25.45  56.9822
25.46  56.9822
25.47  56.9823
25.48  56.9824
25.49  56.9824
25.5  56.9825
25.51  56.9826
25.52  56.9826
25.53  56.9827
25.54  56.9827
25.55  56.9828
25.56  56.9829
25.57  56.9829
25.58  56.983
25.59  56.983
25.6  56.9831
25.61  56.9831
25.62  56.9832
25.63  56.9833
25.64  56.9833
25.65  56.9834
25.66  56.9834
25.67  56.9835
25.68  56.9835
25.69  56.9836
25.7  56.9837
25.71  56.9837
25.72  56.9838
25.73  56.9838
25.74  56.9839
25.75  56.9839
25.76  56.984
25.77  56.984
25.78  56.9841
25.79  56.9842
25.8  56.9842
25.81  56.9843
25.82  56.9843
25.83  56.9844
25.84  56.9844
25.85  56.9845
25.86  56.9845
25.87  56.9846
25.88  56.9846
25.89  56.9847
25.9  56.9847
25.91  56.9848
25.92  56.9848
25.93  56.9849
25.94  56.985
25.95  56.985
25.96  56.9851
25.97  56.9851
25.98  56.9852
25.99  56.9852
26  56.9853
26.01  56.9853
26.02  56.9854
26.03  56.9854
26.04  56.9855
26.05  56.9855
26.06  56.9856
26.07  56.9856
26.08  56.9857
26.09  56.9857
26.1  56.9858
26.11  56.9858
26.12  56.9859
26.13  56.9859
26.14  56.986
26.15  56.986
26.16  56.9861
26.17  56.9861
26.18  56.9861
26.19  56.9862
26.2  56.9862
26.21  56.9863
26.22  56.9863
26.23  56.9864
26.24  56.9864
26.25  56.9865
26.26  56.9865
26.27  56.9866
26.28  56.9866
26.29  56.9867
26.3  56.9867
26.31  56.9868
26.32  56.9868
26.33  56.9868
26.34  56.9869
26.35  56.9869
26.36  56.987
26.37  56.987
26.38  56.9871
26.39  56.9871
26.4  56.9872
26.41  56.9872
26.42  56.9872
26.43  56.9873
26.44  56.9873
26.45  56.9874
26.46  56.9874
26.47  56.9875
26.48  56.9875
26.49  56.9876
26.5  56.9876
26.51  56.9876
26.52  56.9877
26.53  56.9877
26.54  56.9878
26.55  56.9878
26.56  56.9878
26.57  56.9879
26.58  56.9879
26.59  56.988
26.6  56.988
26.61  56.9881
26.62  56.9881
26.63  56.9881
26.64  56.9882
26.65  56.9882
26.66  56.9883
26.67  56.9883
26.68  56.9883
26.69  56.9884
26.7  56.9884
26.71  56.9885
26.72  56.9885
26.73  56.9885
26.74  56.9886
26.75  56.9886
26.76  56.9887
26.77  56.9887
26.78  56.9887
26.79  56.9888
26.8  56.9888
26.81  56.9888
26.82  56.9889
26.83  56.9889
26.84  56.989
26.85  56.989
26.86  56.989
26.87  56.9891
26.88  56.9891
26.89  56.9892
26.9  56.9892
26.91  56.9892
26.92  56.9893
26.93  56.9893
26.94  56.9893
26.95  56.9894
26.96  56.9894
26.97  56.9894
26.98  56.9895
26.99  56.9895
27  56.9896
27.01  56.9896
27.02  56.9896
27.03  56.9897
27.04  56.9897
27.05  56.9897
27.06  56.9898
27.07  56.9898
27.08  56.9898
27.09  56.9899
27.1  56.9899
27.11  56.9899
27.12  56.99
27.13  56.99
27.14  56.99
27.15  56.9901
27.16  56.9901
27.17  56.9901
27.18  56.9902
27.19  56.9902
27.2  56.9903
27.21  56.9903
27.22  56.9903
27.23  56.9904
27.24  56.9904
27.25  56.9904
27.26  56.9905
27.27  56.9905
27.28  56.9905
27.29  56.9905
27.3  56.9906
27.31  56.9906
27.32  56.9906
27.33  56.9907
27.34  56.9907
27.35  56.9907
27.36  56.9908
27.37  56.9908
27.38  56.9908
27.39  56.9909
27.4  56.9909
27.41  56.9909
27.42  56.991
27.43  56.991
27.44  56.991
27.45  56.9911
27.46  56.9911
27.47  56.9911
27.48  56.9911
27.49  56.9912
27.5  56.9912
27.51  56.9912
27.52  56.9913
27.53  56.9913
27.54  56.9913
27.55  56.9914
27.56  56.9914
27.57  56.9914
27.58  56.9914
27.59  56.9915
27.6  56.9915
27.61  56.9915
27.62  56.9916
27.63  56.9916
27.64  56.9916
27.65  56.9917
27.66  56.9917
27.67  56.9917
27.68  56.9917
27.69  56.9918
27.7  56.9918
27.71  56.9918
27.72  56.9918
27.73  56.9919
27.74  56.9919
27.75  56.9919
27.76  56.992
27.77  56.992
27.78  56.992
27.79  56.992
27.8  56.9921
27.81  56.9921
27.82  56.9921
27.83  56.9922
27.84  56.9922
27.85  56.9922
27.86  56.9922
27.87  56.9923
27.88  56.9923
27.89  56.9923
27.9  56.9923
27.91  56.9924
27.92  56.9924
27.93  56.9924
27.94  56.9924
27.95  56.9925
27.96  56.9925
27.97  56.9925
27.98  56.9925
27.99  56.9926
28  56.9926
28.01  56.9926
28.02  56.9926
28.03  56.9927
28.04  56.9927
28.05  56.9927
28.06  56.9928
28.07  56.9928
28.08  56.9928
28.09  56.9928
28.1  56.9928
28.11  56.9929
28.12  56.9929
28.13  56.9929
28.14  56.9929
28.15  56.993
28.16  56.993
28.17  56.993
28.18  56.993
28.19  56.9931
28.2  56.9931
28.21  56.9931
28.22  56.9931
28.23  56.9932
28.24  56.9932
28.25  56.9932
28.26  56.9932
28.27  56.9933
28.28  56.9933
28.29  56.9933
28.3  56.9933
28.31  56.9933
28.32  56.9934
28.33  56.9934
28.34  56.9934
28.35  56.9934
28.36  56.9935
28.37  56.9935
28.38  56.9935
28.39  56.9935
28.4  56.9936
28.41  56.9936
28.42  56.9936
28.43  56.9936
28.44  56.9936
28.45  56.9937
28.46  56.9937
28.47  56.9937
28.48  56.9937
28.49  56.9937
28.5  56.9938
28.51  56.9938
28.52  56.9938
28.53  56.9938
28.54  56.9939
28.55  56.9939
28.56  56.9939
28.57  56.9939
28.58  56.9939
28.59  56.994
28.6  56.994
28.61  56.994
28.62  56.994
28.63  56.994
28.64  56.9941
28.65  56.9941
28.66  56.9941
28.67  56.9941
28.68  56.9941
28.69  56.9942
28.7  56.9942
28.71  56.9942
28.72  56.9942
28.73  56.9942
28.74  56.9943
28.75  56.9943
28.76  56.9943
28.77  56.9943
28.78  56.9943
28.79  56.9944
28.8  56.9944
28.81  56.9944
28.82  56.9944
28.83  56.9944
28.84  56.9945
28.85  56.9945
28.86  56.9945
28.87  56.9945
28.88  56.9945
28.89  56.9946
28.9  56.9946
28.91  56.9946
28.92  56.9946
28.93  56.9946
28.94  56.9946
28.95  56.9947
28.96  56.9947
28.97  56.9947
28.98  56.9947
28.99  56.9947
29  56.9948
29.01  56.9948
29.02  56.9948
29.03  56.9948
29.04  56.9948
29.05  56.9948
29.06  56.9949
29.07  56.9949
29.08  56.9949
29.09  56.9949
29.1  56.9949
29.11  56.995
29.12  56.995
29.13  56.995
29.14  56.995
29.15  56.995
29.16  56.995
29.17  56.9951
29.18  56.9951
29.19  56.9951
29.2  56.9951
29.21  56.9951
29.22  56.9951
29.23  56.9952
29.24  56.9952
29.25  56.9952
29.26  56.9952
29.27  56.9952
29.28  56.9952
29.29  56.9953
29.3  56.9953
29.31  56.9953
29.32  56.9953
29.33  56.9953
29.34  56.9953
29.35  56.9954
29.36  56.9954
29.37  56.9954
29.38  56.9954
29.39  56.9954
29.4  56.9954
29.41  56.9954
29.42  56.9955
29.43  56.9955
29.44  56.9955
29.45  56.9955
29.46  56.9955
29.47  56.9955
29.48  56.9956
29.49  56.9956
29.5  56.9956
29.51  56.9956
29.52  56.9956
29.53  56.9956
29.54  56.9956
29.55  56.9957
29.56  56.9957
29.57  56.9957
29.58  56.9957
29.59  56.9957
29.6  56.9957
29.61  56.9957
29.62  56.9958
29.63  56.9958
29.64  56.9958
29.65  56.9958
29.66  56.9958
29.67  56.9958
29.68  56.9959
29.69  56.9959
29.7  56.9959
29.71  56.9959
29.72  56.9959
29.73  56.9959
29.74  56.9959
29.75  56.9959
29.76  56.996
29.77  56.996
29.78  56.996
29.79  56.996
29.8  56.996
29.81  56.996
29.82  56.996
29.83  56.9961
29.84  56.9961
29.85  56.9961
29.86  56.9961
29.87  56.9961
29.88  56.9961
29.89  56.9961
29.9  56.9962
29.91  56.9962
29.92  56.9962
29.93  56.9962
29.94  56.9962
29.95  56.9962
29.96  56.9962
29.97  56.9962
29.98  56.9963
29.99  56.9963
30  56.9963
30.01  56.9963
30.02  56.9963
30.03  56.9963
30.04  56.9963
30.05  56.9963
30.06  56.9964
30.07  56.9964
30.08  56.9964
30.09  56.9964
30.1  56.9964
30.11  56.9964
30.12  56.9964
30.13  56.9964
30.14  56.9965
30.15  56.9965
30.16  56.9965
30.17  56.9965
30.18  56.9965
30.19  56.9965
30.2  56.9965
30.21  56.9965
30.22  56.9966
30.23  56.9966
30.24  56.9966
30.25  56.9966
30.26  56.9966
30.27  56.9966
30.28  56.9966
30.29  56.9966
30.3  56.9966
30.31  56.9967
30.32  56.9967
30.33  56.9967
30.34  56.9967
30.35  56.9967
30.36  56.9967
30.37  56.9967
30.38  56.9967
30.39  56.9968
30.4  56.9968
30.41  56.9968
30.42  56.9968
30.43  56.9968
30.44  56.9968
30.45  56.9968
30.46  56.9968
30.47  56.9968
30.48  56.9968
30.49  56.9969
30.5  56.9969
30.51  56.9969
30.52  56.9969
30.53  56.9969
30.54  56.9969
30.55  56.9969
30.56  56.9969
30.57  56.9969
30.58  56.997
30.59  56.997
30.6  56.997
30.61  56.997
30.62  56.997
30.63  56.997
30.64  56.997
30.65  56.997
30.66  56.997
30.67  56.997
30.68  56.9971
30.69  56.9971
30.7  56.9971
30.71  56.9971
30.72  56.9971
30.73  56.9971
30.74  56.9971
30.75  56.9971
30.76  56.9971
30.77  56.9971
30.78  56.9972
30.79  56.9972
30.8  56.9972
30.81  56.9972
30.82  56.9972
30.83  56.9972
30.84  56.9972
30.85  56.9972
30.86  56.9972
30.87  56.9972
30.88  56.9973
30.89  56.9973
30.9  56.9973
30.91  56.9973
30.92  56.9973
30.93  56.9973
30.94  56.9973
30.95  56.9973
30.96  56.9973
30.97  56.9973
30.98  56.9973
30.99  56.9974
31  56.9974
31.01  56.9974
31.02  56.9974
31.03  56.9974
31.04  56.9974
31.05  56.9974
31.06  56.9974
31.07  56.9974
31.08  56.9974
31.09  56.9974
31.1  56.9975
31.11  56.9975
31.12  56.9975
31.13  56.9975
31.14  56.9975
31.15  56.9975
31.16  56.9975
31.17  56.9975
31.18  56.9975
31.19  56.9975
31.2  56.9975
31.21  56.9976
31.22  56.9976
31.23  56.9976
31.24  56.9976
31.25  56.9976
31.26  56.9976
31.27  56.9976
31.28  56.9976
31.29  56.9976
31.3  56.9976
31.31  56.9976
31.32  56.9976
31.33  56.9976
31.34  56.9977
31.35  56.9977
31.36  56.9977
31.37  56.9977
31.38  56.9977
31.39  56.9977
31.4  56.9977
31.41  56.9977
31.42  56.9977
31.43  56.9977
31.44  56.9977
31.45  56.9977
31.46  56.9978
31.47  56.9978
31.48  56.9978
31.49  56.9978
31.5  56.9978
31.51  56.9978
31.52  56.9978
31.53  56.9978
31.54  56.9978
31.55  56.9978
31.56  56.9978
31.57  56.9978
31.58  56.9978
31.59  56.9979
31.6  56.9979
31.61  56.9979
31.62  56.9979
31.63  56.9979
31.64  56.9979
31.65  56.9979
31.66  56.9979
31.67  56.9979
31.68  56.9979
31.69  56.9979
31.7  56.9979
31.71  56.9979
31.72  56.9979
31.73  56.998
31.74  56.998
31.75  56.998
31.76  56.998
31.77  56.998
31.78  56.998
31.79  56.998
31.8  56.998
31.81  56.998
31.82  56.998
31.83  56.998
31.84  56.998
31.85  56.998
31.86  56.998
31.87  56.998
31.88  56.9981
31.89  56.9981
31.9  56.9981
31.91  56.9981
31.92  56.9981
31.93  56.9981
31.94  56.9981
31.95  56.9981
31.96  56.9981
31.97  56.9981
31.98  56.9981
31.99  56.9981
32  56.9981
32.01  56.9981
32.02  56.9981
32.03  56.9982
32.04  56.9982
32.05  56.9982
32.06  56.9982
32.07  56.9982
32.08  56.9982
32.09  56.9982
32.1  56.9982
32.11  56.9982
32.12  56.9982
32.13  56.9982
32.14  56.9982
32.15  56.9982
32.16  56.9982
32.17  56.9982
32.18  56.9982
32.19  56.9983
32.2  56.9983
32.21  56.9983
32.22  56.9983
32.23  56.9983
32.24  56.9983
32.25  56.9983
32.26  56.9983
32.27  56.9983
32.28  56.9983
32.29  56.9983
32.3  56.9983
32.31  56.9983
32.32  56.9983
32.33  56.9983
32.34  56.9983
32.35  56.9983
32.36  56.9984
32.37  56.9984
32.38  56.9984
32.39  56.9984
32.4  56.9984
32.41  56.9984
32.42  56.9984
32.43  56.9984
32.44  56.9984
32.45  56.9984
32.46  56.9984
32.47  56.9984
32.48  56.9984
32.49  56.9984
32.5  56.9984
32.51  56.9984
32.52  56.9984
32.53  56.9984
32.54  56.9985
32.55  56.9985
32.56  56.9985
32.57  56.9985
32.58  56.9985
32.59  56.9985
32.6  56.9985
32.61  56.9985
32.62  56.9985
32.63  56.9985
32.64  56.9985
32.65  56.9985
32.66  56.9985
32.67  56.9985
32.68  56.9985
32.69  56.9985
32.7  56.9985
32.71  56.9985
32.72  56.9985
32.73  56.9985
32.74  56.9986
32.75  56.9986
32.76  56.9986
32.77  56.9986
32.78  56.9986
32.79  56.9986
32.8  56.9986
32.81  56.9986
32.82  56.9986
32.83  56.9986
32.84  56.9986
32.85  56.9986
32.86  56.9986
32.87  56.9986
32.88  56.9986
32.89  56.9986
32.9  56.9986
32.91  56.9986
32.92  56.9986
32.93  56.9986
32.94  56.9987
32.95  56.9987
32.96  56.9987
32.97  56.9987
32.98  56.9987
32.99  56.9987
33  56.9987
33.01  56.9987
33.02  56.9987
33.03  56.9987
33.04  56.9987
33.05  56.9987
33.06  56.9987
33.07  56.9987
33.08  56.9987
33.09  56.9987
33.1  56.9987
33.11  56.9987
33.12  56.9987
33.13  56.9987
33.14  56.9987
33.15  56.9987
33.16  56.9987
33.17  56.9988
33.18  56.9988
33.19  56.9988
33.2  56.9988
33.21  56.9988
33.22  56.9988
33.23  56.9988
33.24  56.9988
33.25  56.9988
33.26  56.9988
33.27  56.9988
33.28  56.9988
33.29  56.9988
33.3  56.9988
33.31  56.9988
33.32  56.9988
33.33  56.9988
33.34  56.9988
33.35  56.9988
33.36  56.9988
33.37  56.9988
33.38  56.9988
33.39  56.9988
33.4  56.9988
33.41  56.9989
33.42  56.9989
33.43  56.9989
33.44  56.9989
33.45  56.9989
33.46  56.9989
33.47  56.9989
33.48  56.9989
33.49  56.9989
33.5  56.9989
33.51  56.9989
33.52  56.9989
33.53  56.9989
33.54  56.9989
33.55  56.9989
33.56  56.9989
33.57  56.9989
33.58  56.9989
33.59  56.9989
33.6  56.9989
33.61  56.9989
33.62  56.9989
33.63  56.9989
33.64  56.9989
33.65  56.9989
33.66  56.9989
33.67  56.999
33.68  56.999
33.69  56.999
33.7  56.999
33.71  56.999
33.72  56.999
33.73  56.999
33.74  56.999
33.75  56.999
33.76  56.999
33.77  56.999
33.78  56.999
33.79  56.999
33.8  56.999
33.81  56.999
33.82  56.999
33.83  56.999
33.84  56.999
33.85  56.999
33.86  56.999
33.87  56.999
33.88  56.999
33.89  56.999
33.9  56.999
33.91  56.999
33.92  56.999
33.93  56.999
33.94  56.999
33.95  56.999
33.96  56.999
33.97  56.9991
33.98  56.9991
33.99  56.9991
34  56.9991
34.01  56.9991
34.02  56.9991
34.03  56.9991
34.04  56.9991
34.05  56.9991
34.06  56.9991
34.07  56.9991
34.08  56.9991
34.09  56.9991
34.1  56.9991
34.11  56.9991
34.12  56.9991
34.13  56.9991
34.14  56.9991
34.15  56.9991
34.16  56.9991
34.17  56.9991
34.18  56.9991
34.19  56.9991
34.2  56.9991
34.21  56.9991
34.22  56.9991
34.23  56.9991
34.24  56.9991
34.25  56.9991
34.26  56.9991
34.27  56.9991
34.28  56.9991
34.29  56.9992
34.3  56.9992
34.31  56.9992
34.32  56.9992
34.33  56.9992
34.34  56.9992
34.35  56.9992
34.36  56.9992
34.37  56.9992
34.38  56.9992
34.39  56.9992
34.4  56.9992
34.41  56.9992
34.42  56.9992
34.43  56.9992
34.44  56.9992
34.45  56.9992
34.46  56.9992
34.47  56.9992
34.48  56.9992
34.49  56.9992
34.5  56.9992
34.51  56.9992
34.52  56.9992
34.53  56.9992
34.54  56.9992
34.55  56.9992
34.56  56.9992
34.57  56.9992
34.58  56.9992
34.59  56.9992
34.6  56.9992
34.61  56.9992
34.62  56.9992
34.63  56.9992
34.64  56.9992
34.65  56.9993
34.66  56.9993
34.67  56.9993
34.68  56.9993
34.69  56.9993
34.7  56.9993
34.71  56.9993
34.72  56.9993
34.73  56.9993
34.74  56.9993
34.75  56.9993
34.76  56.9993
34.77  56.9993
34.78  56.9993
34.79  56.9993
34.8  56.9993
34.81  56.9993
34.82  56.9993
34.83  56.9993
34.84  56.9993
34.85  56.9993
34.86  56.9993
34.87  56.9993
34.88  56.9993
34.89  56.9993
34.9  56.9993
34.91  56.9993
34.92  56.9993
34.93  56.9993
34.94  56.9993
34.95  56.9993
34.96  56.9993
34.97  56.9993
34.98  56.9993
34.99  56.9993
35  56.9993
35.01  56.9993
35.02  56.9993
35.03  56.9993
35.04  56.9993
35.05  56.9993
35.06  56.9993
35.07  56.9994
35.08  56.9994
35.09  56.9994
35.1  56.9994
35.11  56.9994
35.12  56.9994
35.13  56.9994
35.14  56.9994
35.15  56.9994
35.16  56.9994
35.17  56.9994
35.18  56.9994
35.19  56.9994
35.2  56.9994
35.21  56.9994
35.22  56.9994
35.23  56.9994
35.24  56.9994
35.25  56.9994
35.26  56.9994
35.27  56.9994
35.28  56.9994
35.29  56.9994
35.3  56.9994
35.31  56.9994
35.32  56.9994
35.33  56.9994
35.34  56.9994
35.35  56.9994
35.36  56.9994
35.37  56.9994
35.38  56.9994
35.39  56.9994
35.4  56.9994
35.41  56.9994
35.42  56.9994
35.43  56.9994
35.44  56.9994
35.45  56.9994
