0  0.586059
0.01  0.591665
0.02  0.607907
0.03  0.633714
0.04  0.667573
0.05  0.707886
0.06  0.753173
0.07  0.802174
0.08  0.853877
0.09  0.907492
0.1  0.962416
0.11  1.01819
0.12  1.07448
0.13  1.13103
0.14  1.18763
0.15  1.24416
0.16  1.30051
0.17  1.35659
0.18  1.41235
0.19  1.46774
0.2  1.52275
0.21  1.57734
0.22  1.63151
0.23  1.68524
0.24  1.73853
0.25  1.79138
0.26  1.8438
0.27  1.89578
0.28  1.94733
0.29  1.99845
0.3  2.04916
0.31  2.09945
0.32  2.14935
0.33  2.19884
0.34  2.24795
0.35  2.29667
0.36  2.34503
0.37  2.39302
0.38  2.44065
0.39  2.48793
0.4  2.53487
0.41  2.58147
0.42  2.62775
0.43  2.67371
0.44  2.71935
0.45  2.76468
0.46  2.80971
0.47  2.85445
0.48  2.8989
0.49  2.94307
0.5  2.98696
0.51  3.03058
0.52  3.07393
0.53  3.11702
0.54  3.15985
0.55  3.20243
0.56  3.24477
0.57  3.28686
0.58  3.32872
0.59  3.37035
0.6  3.41174
0.61  3.45291
0.62  3.49386
0.63  3.5346
0.64  3.57512
0.65  3.61543
0.66  3.65554
0.67  3.69544
0.68  3.73515
0.69  3.77466
0.7  3.81397
0.71  3.8531
0.72  3.89204
0.73  3.9308
0.74  3.96938
0.75  4.00778
0.76  4.046
0.77  4.08405
0.78  4.12193
0.79  4.15965
0.8  4.1972
0.81  4.23459
0.82  4.27181
0.83  4.30888
0.84  4.3458
0.85  4.38256
0.86  4.41916
0.87  4.45562
0.88  4.49193
0.89  4.5281
0.9  4.56412
0.91  4.6
0.92  4.63574
0.93  4.67135
0.94  4.70681
0.95  4.74215
0.96  4.77734
0.97  4.81241
0.98  4.84735
0.99  4.88216
1  4.91685
1.01  4.9514
1.02  4.98584
1.03  5.02015
1.04  5.05435
1.05  5.08842
1.06  5.12237
1.07  5.15621
1.08  5.18994
1.09  5.22355
1.1  5.25704
1.11  5.29043
1.12  5.3237
1.13  5.35687
1.14  5.38993
1.15  5.42288
1.16  5.45572
1.17  5.48846
1.18  5.5211
1.19  5.55363
1.2  5.58607
1.21  5.6184
1.22  5.65063
1.23  5.68277
1.24  5.71481
1.25  5.74675
1.26  5.77859
1.27  5.81034
1.28  5.842
1.29  5.87356
1.3  5.90504
1.31  5.93642
1.32  5.96771
1.33  5.99891
1.34  6.03002
1.35  6.06105
1.36  6.09199
1.37  6.12284
1.38  6.1536
1.39  6.18429
1.4  6.21488
1.41  6.2454
1.42  6.27583
1.43  6.30618
1.44  6.33645
1.45  6.36664
1.46  6.39675
1.47  6.42677
1.48  6.45673
1.49  6.4866
1.5  6.5164
1.51  6.54612
1.52  6.57576
1.53  6.60533
1.54  6.63482
1.55  6.66424
1.56  6.69359
1.57  6.72286
1.58  6.75206
1.59  6.78119
1.6  6.81025
1.61  6.83924
1.62  6.86815
1.63  6.897
1.64  6.92578
1.65  6.95449
1.66  6.98313
1.67  7.0117
1.68  7.04021
1.69  7.06865
1.7  7.09702
1.71  7.12533
1.72  7.15357
1.73  7.18175
1.74  7.20987
1.75  7.23792
1.76  7.26591
1.77  7.29383
1.78  7.32169
1.79  7.34949
1.8  7.37723
1.81  7.40491
1.82  7.43252
1.83  7.46008
1.84  7.48757
1.85  7.51501
1.86  7.54239
1.87  7.5697
1.88  7.59696
1.89  7.62417
1.9  7.65131
1.91  7.6784
1.92  7.70543
1.93  7.7324
1.94  7.75932
1.95  7.78618
1.96  7.81298
1.97  7.83973
1.98  7.86643
1.99  7.89307
2  7.91966
2.01  7.94619
2.02  7.97267
2.03  7.9991
2.04  8.02547
2.05  8.0518
2.06  8.07807
2.07  8.10428
2.08  8.13045
2.09  8.15656
2.1  8.18263
2.11  8.20864
2.12  8.2346
2.13  8.26052
2.14  8.28638
2.15  8.31219
2.16  8.33796
2.17  8.36367
2.18  8.38934
2.19  8.41496
2.2  8.44053
2.21  8.46605
2.22  8.49153
2.23  8.51695
2.24  8.54233
2.25  8.56767
2.26  8.59295
2.27  8.6182
2.28  8.64339
2.29  8.66854
2.3  8.69364
2.31  8.7187
2.32  8.74371
2.33  8.76868
2.34  8.79361
2.35  8.81849
2.36  8.84332
2.37  8.86811
2.38  8.89286
2.39  8.91756
2.4  8.94222
2.41  8.96684
2.42  8.99142
2.43  9.01595
2.44  9.04044
2.45  9.06489
2.46  9.08929
2.47  9.11366
2.48  9.13798
2.49  9.16226
2.5  9.1865
2.51  9.2107
2.52  9.23486
2.53  9.25898
2.54  9.28306
2.55  9.3071
2.56  9.33109
2.57  9.35505
2.58  9.37897
2.59  9.40285
2.6  9.42669
2.61  9.45049
2.62  9.47425
2.63  9.49798
2.64  9.52166
2.65  9.54531
2.66  9.56892
2.67  9.59249
2.68  9.61602
2.69  9.63952
2.7  9.66298
2.71  9.6864
2.72  9.70978
2.73  9.73313
2.74  9.75644
2.75  9.77971
2.76  9.80295
2.77  9.82615
2.78  9.84932
2.79  9.87244
2.8  9.89554
2.81  9.9186
2.82  9.94162
2.83  9.9646
2.84  9.98756
2.85  10.0105
2.86  10.0334
2.87  10.0562
2.88  10.079
2.89  10.1018
2.9  10.1245
2.91  10.1472
2.92  10.1699
2.93  10.1926
2.94  10.2152
2.95  10.2377
2.96  10.2603
2.97  10.2828
2.98  10.3053
2.99  10.3277
3  10.3501
3.01  10.3725
3.02  10.3948
3.03  10.4172
3.04  10.4394
3.05  10.4617
3.06  10.4839
3.07  10.5061
3.08  10.5282
3.09  10.5503
3.1  10.5724
3.11  10.5945
3.12  10.6165
3.13  10.6385
3.14  10.6605
3.15  10.6824
3.16  10.7043
3.17  10.7262
3.18  10.748
3.19  10.7698
3.2  10.7916
3.21  10.8133
3.22  10.8351
3.23  10.8567
3.24  10.8784
3.25  10.9
3.26  10.9216
3.27  10.9432
3.28  10.9647
3.29  10.9862
3.3  11.0077
3.31  11.0292
3.32  11.0506
3.33  11.072
3.34  11.0934
3.35  11.1147
3.36  11.136
3.37  11.1573
3.38  11.1785
3.39  11.1997
3.4  11.2209
3.41  11.2421
3.42  11.2632
3.43  11.2844
3.44  11.3054
3.45  11.3265
3.46  11.3475
3.47  11.3685
3.48  11.3895
3.49  11.4104
3.5  11.4313
3.51  11.4522
3.52  11.4731
3.53  11.4939
3.54  11.5147
3.55  11.5355
3.56  11.5563
3.57  11.577
3.58  11.5977
3.59  11.6184
3.6  11.639
3.61  11.6597
3.62  11.6802
3.63  11.7008
3.64  11.7214
3.65  11.7419
3.66  11.7624
3.67  11.7828
3.68  11.8033
3.69  11.8237
3.7  11.8441
3.71  11.8645
3.72  11.8848
3.73  11.9051
3.74  11.9254
3.75  11.9457
3.76  11.9659
3.77  11.9861
3.78  12.0063
3.79  12.0265
3.8  12.0466
3.81  12.0667
3.82  12.0868
3.83  12.1069
3.84  12.1269
3.85  12.1469
3.86  12.1669
3.87  12.1869
3.88  12.2068
3.89  12.2268
3.9  12.2467
3.91  12.2665
3.92  12.2864
3.93  12.3062
3.94  12.326
3.95  12.3458
3.96  12.3656
3.97  12.3853
3.98  12.405
3.99  12.4247
4  12.4443
4.01  12.464
4.02  12.4836
4.03  12.5032
4.04  12.5228
4.05  12.5423
4.06  12.5618
4.07  12.5813
4.08  12.6008
4.09  12.6203
4.1  12.6397
4.11  12.6591
4.12  12.6785
4.13  12.6979
4.14  12.7172
4.15  12.7365
4.16  12.7558
4.17  12.7751
4.18  12.7944
4.19  12.8136
4.2  12.8328
4.21  12.852
4.22  12.8712
4.23  12.8903
4.24  12.9094
4.25  12.9285
4.26  12.9476
4.27  12.9667
4.28  12.9857
4.29  13.0047
4.3  13.0237
4.31  13.0427
4.32  13.0617
4.33  13.0806
4.34  13.0995
4.35  13.1184
4.36  13.1373
4.37  13.1561
4.38  13.175
4.39  13.1938
4.4  13.2126
4.41  13.2313
4.42  13.2501
4.43  13.2688
4.44  13.2875
4.45  13.3062
4.46  13.3248
4.47  13.3435
4.48  13.3621
4.49  13.3807
4.5  13.3993
4.51  13.4179
4.52  13.4364
4.53  13.4549
4.54  13.4734
4.55  13.4919
4.56  13.5104
4.57  13.5288
4.58  13.5472
4.59  13.5657
4.6  13.584
4.61  13.6024
4.62  13.6207
4.63  13.6391
4.64  13.6574
4.65  13.6757
4.66  13.6939
4.67  13.7122
4.68  13.7304
4.69  13.7486
4.7  13.7668
4.71  13.785
4.72  13.8031
4.73  13.8213
4.74  13.8394
4.75  13.8575
4.76  13.8756
4.77  13.8936
4.78  13.9117
4.79  13.9297
4.8  13.9477
4.81  13.9657
4.82  13.9836
4.83  14.0016
4.84  14.0195
4.85  14.0374
4.86  14.0553
4.87  14.0732
4.88  14.091
4.89  14.1089
4.9  14.1267
4.91  14.1445
4.92  14.1623
4.93  14.18
4.94  14.1978
4.95  14.2155
4.96  14.2332
4.97  14.2509
4.98  14.2686
4.99  14.2862
5  14.3039
5.01  14.3215
5.02  14.3391
5.03  14.3567
5.04  14.3743
5.05  14.3918
5.06  14.4093
5.07  14.4269
5.08  14.4444
5.09  14.4618
5.1  14.4793
5.11  14.4967
5.12  14.5142
5.13  14.5316
5.14  14.549
5.15  14.5664
5.16  14.5837
5.17  14.6011
5.18  14.6184
5.19  14.6357
5.2  14.653
5.21  14.6703
5.22  14.6875
5.23  14.7048
5.24  14.722
5.25  14.7392
5.26  14.7564
5.27  14.7735
5.28  14.7907
5.29  14.8078
5.3  14.825
5.31  14.8421
5.32  14.8592
5.33  14.8762
5.34  14.8933
5.35  14.9103
5.36  14.9274
5.37  14.9444
5.38  14.9614
5.39  14.9783
5.4  14.9953
5.41  15.0122
5.42  15.0292
5.43  15.0461
5.44  15.063
5.45  15.0799
5.46  15.0967
5.47  15.1136
5.48  15.1304
5.49  15.1472
5.5  15.164
5.51  15.1808
5.52  15.1976
5.53  15.2143
5.54  15.231
5.55  15.2478
5.56  15.2645
5.57  15.2812
5.58  15.2978
5.59  15.3145
5.6  15.3311
5.61  15.3478
5.62  15.3644
5.63  15.381
5.64  15.3975
5.65  15.4141
5.66  15.4307
5.67  15.4472
5.68  15.4637
5.69  15.4802
5.7  15.4967
5.71  15.5132
5.72  15.5296
5.73  15.5461
5.74  15.5625
5.75  15.5789
5.76  15.5953
5.77  15.6117
5.78  15.6281
5.79  15.6444
5.8  15.6608
5.81  15.6771
5.82  15.6934
5.83  15.7097
5.84  15.726
5.85  15.7422
5.86  15.7585
5.87  15.7747
5.88  15.7909
5.89  15.8071
5.9  15.8233
5.91  15.8395
5.92  15.8556
5.93  15.8718
5.94  15.8879
5.95  15.904
5.96  15.9201
5.97  15.9362
5.98  15.9523
5.99  15.9684
6  15.9844
6.01  16.0004
6.02  16.0165
6.03  16.0325
6.04  16.0484
6.05  16.0644
6.06  16.0804
6.07  16.0963
6.08  16.1123
6.09  16.1282
6.1  16.1441
6.11  16.16
6.12  16.1758
6.13  16.1917
6.14  16.2075
6.15  16.2234
6.16  16.2392
6.17  16.255
6.18  16.2708
6.19  16.2866
6.2  16.3023
6.21  16.3181
6.22  16.3338
6.23  16.3495
6.24  16.3652
6.25  16.3809
6.26  16.3966
6.27  16.4123
6.28  16.4279
6.29  16.4436
6.3  16.4592
6.31  16.4748
6.32  16.4904
6.33  16.506
6.34  16.5216
6.35  16.5371
6.36  16.5527
6.37  16.5682
6.38  16.5837
6.39  16.5992
6.4  16.6147
6.41  16.6302
6.42  16.6457
6.43  16.6611
6.44  16.6766
6.45  16.692
6.46  16.7074
6.47  16.7228
6.48  16.7382
6.49  16.7536
6.5  16.7689
6.51  16.7843
6.52  16.7996
6.53  16.8149
6.54  16.8302
6.55  16.8455
6.56  16.8608
6.57  16.8761
6.58  16.8913
6.59  16.9066
6.6  16.9218
6.61  16.937
6.62  16.9522
6.63  16.9674
6.64  16.9826
6.65  16.9978
6.66  17.0129
6.67  17.028
6.68  17.0432
6.69  17.0583
6.7  17.0734
6.71  17.0885
6.72  17.1036
6.73  17.1186
6.74  17.1337
6.75  17.1487
6.76  17.1637
6.77  17.1788
6.78  17.1938
6.79  17.2087
6.8  17.2237
6.81  17.2387
6.82  17.2536
6.83  17.2686
6.84  17.2835
6.85  17.2984
6.86  17.3133
6.87  17.3282
6.88  17.3431
6.89  17.358
6.9  17.3728
6.91  17.3877
6.92  17.4025
6.93  17.4173
6.94  17.4321
6.95  17.4469
6.96  17.4617
6.97  17.4765
6.98  17.4912
6.99  17.506
7  17.5207
7.01  17.5354
7.02  17.5501
7.03  17.5648
7.04  17.5795
7.05  17.5942
7.06  17.6088
7.07  17.6235
7.08  17.6381
7.09  17.6527
7.1  17.6674
7.11  17.682
7.12  17.6966
7.13  17.7111
7.14  17.7257
7.15  17.7402
7.16  17.7548
7.17  17.7693
7.18  17.7838
7.19  17.7984
7.2  17.8128
7.21  17.8273
7.22  17.8418
7.23  17.8563
7.24  17.8707
7.25  17.8852
7.26  17.8996
7.27  17.914
7.28  17.9284
7.29  17.9428
7.3  17.9572
7.31  17.9715
7.32  17.9859
7.33  18.0002
7.34  18.0146
7.35  18.0289
7.36  18.0432
7.37  18.0575
7.38  18.0718
7.39  18.0861
7.4  18.1003
7.41  18.1146
7.42  18.1288
7.43  18.1431
7.44  18.1573
7.45  18.1715
7.46  18.1857
7.47  18.1999
7.48  18.2141
7.49  18.2282
7.5  18.2424
7.51  18.2565
7.52  18.2707
7.53  18.2848
7.54  18.2989
7.55  18.313
7.56  18.3271
7.57  18.3412
7.58  18.3552
7.59  18.3693
7.6  18.3833
7.61  18.3974
7.62  18.4114
7.63  18.4254
7.64  18.4394
7.65  18.4534
7.66  18.4674
7.67  18.4813
7.68  18.4953
7.69  18.5092
7.7  18.5232
7.71  18.5371
7.72  18.551
7.73  18.5649
7.74  18.5788
7.75  18.5927
7.76  18.6066
7.77  18.6204
7.78  18.6343
7.79  18.6481
7.8  18.6619
7.81  18.6758
7.82  18.6896
7.83  18.7034
7.84  18.7172
7.85  18.7309
7.86  18.7447
7.87  18.7584
7.88  18.7722
7.89  18.7859
7.9  18.7996
7.91  18.8134
7.92  18.8271
7.93  18.8407
7.94  18.8544
7.95  18.8681
7.96  18.8818
7.97  18.8954
7.98  18.909
7.99  18.9227
8  18.9363
8.01  18.9499
8.02  18.9635
8.03  18.9771
8.04  18.9907
8.05  19.0042
8.06  19.0178
8.07  19.0313
8.08  19.0449
8.09  19.0584
8.1  19.0719
8.11  19.0854
8.12  19.0989
8.13  19.1124
8.14  19.1259
8.15  19.1393
8.16  19.1528
8.17  19.1662
8.18  19.1797
8.19  19.1931
8.2  19.2065
8.21  19.2199
8.22  19.2333
8.23  19.2467
8.24  19.2601
8.25  19.2734
8.26  19.2868
8.27  19.3001
8.28  19.3135
8.29  19.3268
8.3  19.3401
8.31  19.3534
8.32  19.3667
8.33  19.38
8.34  19.3933
8.35  19.4065
8.36  19.4198
8.37  19.433
8.38  19.4463
8.39  19.4595
8.4  19.4727
8.41  19.4859
8.42  19.4991
8.43  19.5123
8.44  19.5255
8.45  19.5386
8.46  19.5518
8.47  19.5649
8.48  19.5781
8.49  19.5912
8.5  19.6043
8.51  19.6174
8.52  19.6305
8.53  19.6436
8.54  19.6567
8.55  19.6698
8.56  19.6828
8.57  19.6959
8.58  19.7089
8.59  19.722
8.6  19.735
8.61  19.748
8.62  19.761
8.63  19.774
8.64  19.787
8.65  19.7999
8.66  19.8129
8.67  19.8259
8.68  19.8388
8.69  19.8517
8.7  19.8647
8.71  19.8776
8.72  19.8905
8.73  19.9034
8.74  19.9163
8.75  19.9292
8.76  19.942
8.77  19.9549
8.78  19.9678
8.79  19.9806
8.8  19.9934
8.81  20.0063
8.82  20.0191
8.83  20.0319
8.84  20.0447
8.85  20.0575
8.86  20.0702
8.87  20.083
8.88  20.0958
8.89  20.1085
8.9  20.1213
8.91  20.134
8.92  20.1467
8.93  20.1594
8.94  20.1721
8.95  20.1848
8.96  20.1975
8.97  20.2102
8.98  20.2229
8.99  20.2355
9  20.2482
9.01  20.2608
9.02  20.2734
9.03  20.2861
9.04  20.2987
9.05  20.3113
9.06  20.3239
9.07  20.3365
9.08  20.349
9.09  20.3616
9.1  20.3742
9.11  20.3867
9.12  20.3993
9.13  20.4118
9.14  20.4243
9.15  20.4368
9.16  20.4493
9.17  20.4618
9.18  20.4743
9.19  20.4868
9.2  20.4993
9.21  20.5117
9.22  20.5242
9.23  20.5366
9.24  20.5491
9.25  20.5615
9.26  20.5739
9.27  20.5863
9.28  20.5987
9.29  20.6111
9.3  20.6235
9.31  20.6359
9.32  20.6482
9.33  20.6606
9.34  20.6729
9.35  20.6853
9.36  20.6976
9.37  20.7099
9.38  20.7222
9.39  20.7345
9.4  20.7468
9.41  20.7591
9.42  20.7714
9.43  20.7837
9.44  20.7959
9.45  20.8082
9.46  20.8204
9.47  20.8326
9.48  20.8449
9.49  20.8571
9.5  20.8693
9.51  20.8815
9.52  20.8937
9.53  20.9059
9.54  20.918
9.55  20.9302
9.56  20.9424
9.57  20.9545
9.58  20.9667
9.59  20.9788
9.6  20.9909
9.61  21.003
9.62  21.0151
9.63  21.0272
9.64  21.0393
9.65  21.0514
9.66  21.0635
9.67  21.0755
9.68  21.0876
9.69  21.0996
9.7  21.1117
9.71  21.1237
9.72  21.1357
9.73  21.1477
9.74  21.1597
9.75  21.1717
9.76  21.1837
9.77  21.1957
9.78  21.2077
9.79  21.2197
9.8  21.2316
9.81  21.2436
9.82  21.2555
9.83  21.2674
9.84  21.2793
9.85  21.2913
9.86  21.3032
9.87  21.3151
9.88  21.327
9.89  21.3388
9.9  21.3507
9.91  21.3626
9.92  21.3744
9.93  21.3863
9.94  21.3981
9.95  21.41
9.96  21.4218
9.97  21.4336
9.98  21.4454
9.99  21.4572
10  21.469
10.01  21.4808
10.02  21.4926
10.03  21.5043
10.04  21.5161
10.05  21.5278
10.06  21.5396
10.07  21.5513
10.08  21.563
10.09  21.5748
10.1  21.5865
10.11  21.5982
10.12  21.6099
10.13  21.6216
10.14  21.6332
10.15  21.6449
10.16  21.6566
10.17  21.6682
10.18  21.6799
10.19  21.6915
10.2  21.7031
10.21  21.7148
10.22  21.7264
10.23  21.738
10.24  21.7496
10.25  21.7612
10.26  21.7728
10.27  21.7843
10.28  21.7959
10.29  21.8075
10.3  21.819
10.31  21.8306
10.32  21.8421
10.33  21.8536
10.34  21.8651
10.35  21.8767
10.36  21.8882
10.37  21.8997
10.38  21.9112
10.39  21.9226
10.4  21.9341
10.41  21.9456
10.42  21.957
10.43  21.9685
10.44  21.9799
10.45  21.9914
10.46  22.0028
10.47  22.0142
10.48  22.0256
10.49  22.037
10.5  22.0484
10.51  22.0598
10.52  22.0712
10.53  22.0826
10.54  22.0939
10.55  22.1053
10.56  22.1166
10.57  22.128
10.58  22.1393
10.59  22.1506
10.6  22.162
10.61  22.1733
10.62  22.1846
10.63  22.1959
10.64  22.2072
10.65  22.2185
10.66  22.2297
10.67  22.241
10.68  22.2523
10.69  22.2635
10.7  22.2748
10.71  22.286
10.72  22.2972
10.73  22.3084
10.74  22.3197
10.75  22.3309
10.76  22.3421
10.77  22.3533
10.78  22.3644
10.79  22.3756
10.8  22.3868
10.81  22.3979
10.82  22.4091
10.83  22.4202
10.84  22.4314
10.85  22.4425
10.86  22.4536
10.87  22.4648
10.88  22.4759
10.89  22.487
10.9  22.4981
10.91  22.5091
10.92  22.5202
10.93  22.5313
10.94  22.5424
10.95  22.5534
10.96  22.5645
10.97  22.5755
10.98  22.5866
10.99  22.5976
11  22.6086
11.01  22.6196
11.02  22.6306
11.03  22.6416
11.04  22.6526
11.05  22.6636
11.06  22.6746
11.07  22.6855
11.08  22.6965
11.09  22.7075
11.1  22.7184
11.11  22.7294
11.12  22.7403
11.13  22.7512
11.14  22.7621
11.15  22.773
11.16  22.7839
11.17  22.7948
11.18  22.8057
11.19  22.8166
11.2  22.8275
11.21  22.8384
11.22  22.8492
11.23  22.8601
11.24  22.8709
11.25  22.8818
11.26  22.8926
11.27  22.9034
11.28  22.9142
11.29  22.9251
11.3  22.9359
11.31  22.9467
11.32  22.9574
11.33  22.9682
11.34  22.979
11.35  22.9898
11.36  23.0005
11.37  23.0113
11.38  23.022
11.39  23.0328
11.4  23.0435
11.41  23.0542
11.42  23.065
11.43  23.0757
11.44  23.0864
11.45  23.0971
11.46  23.1078
11.47  23.1184
11.48  23.1291
11.49  23.1398
11.5  23.1505
11.51  23.1611
11.52  23.1718
11.53  23.1824
11.54  23.193
11.55  23.2037
11.56  23.2143
11.57  23.2249
11.58  23.2355
11.59  23.2461
11.6  23.2567
11.61  23.2673
11.62  23.2779
11.63  23.2884
11.64  23.299
11.65  23.3096
11.66  23.3201
11.67  23.3307
11.68  23.3412
11.69  23.3517
11.7  23.3622
11.71  23.3728
11.72  23.3833
11.73  23.3938
11.74  23.4043
11.75  23.4148
11.76  23.4252
11.77  23.4357
11.78  23.4462
11.79  23.4567
11.8  23.4671
11.81  23.4776
11.82  23.488
11.83  23.4984
11.84  23.5089
11.85  23.5193
11.86  23.5297
11.87  23.5401
11.88  23.5505
11.89  23.5609
11.9  23.5713
11.91  23.5817
11.92  23.592
11.93  23.6024
11.94  23.6128
11.95  23.6231
11.96  23.6335
11.97  23.6438
11.98  23.6541
11.99  23.6645
12  23.6748
12.01  23.6851
12.02  23.6954
12.03  23.7057
12.04  23.716
12.05  23.7263
12.06  23.7366
12.07  23.7469
12.08  23.7571
12.09  23.7674
12.1  23.7776
12.11  23.7879
12.12  23.7981
12.13  23.8084
12.14  23.8186
12.15  23.8288
12.16  23.839
12.17  23.8492
12.18  23.8594
12.19  23.8696
12.2  23.8798
12.21  23.89
12.22  23.9002
12.23  23.9103
12.24  23.9205
12.25  23.9306
12.26  23.9408
12.27  23.9509
12.28  23.9611
12.29  23.9712
12.3  23.9813
12.31  23.9914
12.32  24.0015
12.33  24.0116
12.34  24.0217
12.35  24.0318
12.36  24.0419
12.37  24.052
12.38  24.0621
12.39  24.0721
12.4  24.0822
12.41  24.0922
12.42  24.1023
12.43  24.1123
12.44  24.1223
12.45  24.1324
12.46  24.1424
12.47  24.1524
12.48  24.1624
12.49  24.1724
12.5  24.1824
12.51  24.1924
12.52  24.2023
12.53  24.2123
12.54  24.2223
12.55  24.2322
12.56  24.2422
12.57  24.2521
12.58  24.2621
12.59  24.272
12.6  24.282
12.61  24.2919
12.62  24.3018
12.63  24.3117
12.64  24.3216
12.65  24.3315
12.66  24.3414
12.67  24.3513
12.68  24.3611
12.69  24.371
12.7  24.3809
12.71  24.3907
12.72  24.4006
12.73  24.4104
12.74  24.4203
12.75  24.4301
12.76  24.4399
12.77  24.4498
12.78  24.4596
12.79  24.4694
12.8  24.4792
12.81  24.489
12.82  24.4988
12.83  24.5085
12.84  24.5183
12.85  24.5281
12.86  24.5379
12.87  24.5476
12.88  24.5574
12.89  24.5671
12.9  24.5768
12.91  24.5866
12.92  24.5963
12.93  24.606
12.94  24.6157
12.95  24.6254
12.96  24.6352
12.97  24.6448
12.98  24.6545
12.99  24.6642
13  24.6739
13.01  24.6836
13.02  24.6932
13.03  24.7029
13.04  24.7125
13.05  24.7222
13.06  24.7318
13.07  24.7415
13.08  24.7511
13.09  24.7607
13.1  24.7703
13.11  24.7799
13.12  24.7895
13.13  24.7991
13.14  24.8087
13.15  24.8183
13.16  24.8279
13.17  24.8375
13.18  24.847
13.19  24.8566
13.2  24.8661
13.21  24.8757
13.22  24.8852
13.23  24.8948
13.24  24.9043
13.25  24.9138
13.26  24.9233
13.27  24.9328
13.28  24.9423
13.29  24.9518
13.3  24.9613
13.31  24.9708
13.32  24.9803
13.33  24.9898
13.34  24.9993
13.35  25.0087
13.36  25.0182
13.37  25.0276
13.38  25.0371
13.39  25.0465
13.4  25.0559
13.41  25.0654
13.42  25.0748
13.43  25.0842
13.44  25.0936
13.45  25.103
13.46  25.1124
13.47  25.1218
13.48  25.1312
13.49  25.1406
13.5  25.1499
13.51  25.1593
13.52  25.1687
13.53  25.178
13.54  25.1874
13.55  25.1967
13.56  25.2061
13.57  25.2154
13.58  25.2247
13.59  25.234
13.6  25.2434
13.61  25.2527
13.62  25.262
13.63  25.2713
13.64  25.2805
13.65  25.2898
13.66  25.2991
13.67  25.3084
13.68  25.3177
13.69  25.3269
13.7  25.3362
13.71  25.3454
13.72  25.3547
13.73  25.3639
13.74  25.3731
13.75  25.3824
13.76  25.3916
13.77  25.4008
13.78  25.41
13.79  25.4192
13.8  25.4284
13.81  25.4376
13.82  25.4468
13.83  25.4559
13.84  25.4651
13.85  25.4743
13.86  25.4835
13.87  25.4926
13.88  25.5018
13.89  25.5109
13.9  25.52
13.91  25.5292
13.92  25.5383
13.93  25.5474
13.94  25.5565
13.95  25.5656
13.96  25.5747
13.97  25.5838
13.98  25.5929
13.99  25.602
14  25.6111
14.01  25.6202
14.02  25.6292
14.03  25.6383
14.04  25.6474
14.05  25.6564
14.06  25.6655
14.07  25.6745
14.08  25.6835
14.09  25.6926
14.1  25.7016
14.11  25.7106
14.12  25.7196
14.13  25.7286
14.14  25.7376
14.15  25.7466
14.16  25.7556
14.17  25.7646
14.18  25.7736
14.19  25.7825
14.2  25.7915
14.21  25.8005
14.22  25.8094
14.23  25.8184
14.24  25.8273
14.25  25.8363
14.26  25.8452
14.27  25.8541
14.28  25.863
14.29  25.872
14.3  25.8809
14.31  25.8898
14.32  25.8987
14.33  25.9076
14.34  25.9165
14.35  25.9253
14.36  25.9342
14.37  25.9431
14.38  25.9519
14.39  25.9608
14.4  25.9697
14.41  25.9785
14.42  25.9874
14.43  25.9962
14.44  26.005
14.45  26.0138
14.46  26.0227
14.47  26.0315
14.48  26.0403
14.49  26.0491
14.5  26.0579
14.51  26.0667
14.52  26.0755
14.53  26.0843
14.54  26.093
14.55  26.1018
14.56  26.1106
14.57  26.1193
14.58  26.1281
14.59  26.1368
14.6  26.1456
14.61  26.1543
14.62  26.163
14.63  26.1718
14.64  26.1805
14.65  26.1892
14.66  26.1979
14.67  26.2066
14.68  26.2153
14.69  26.224
14.7  26.2327
14.71  26.2414
14.72  26.25
14.73  26.2587
14.74  26.2674
14.75  26.276
14.76  26.2847
14.77  26.2933
14.78  26.302
14.79  26.3106
14.8  26.3193
14.81  26.3279
14.82  26.3365
14.83  26.3451
14.84  26.3537
14.85  26.3623
14.86  26.3709
14.87  26.3795
14.88  26.3881
14.89  26.3967
14.9  26.4053
14.91  26.4139
14.92  26.4224
14.93  26.431
14.94  26.4396
14.95  26.4481
14.96  26.4567
14.97  26.4652
14.98  26.4737
14.99  26.4823
15  26.4908
15.01  26.4993
15.02  26.5078
15.03  26.5163
15.04  26.5248
15.05  26.5333
15.06  26.5418
15.07  26.5503
15.08  26.5588
15.09  26.5673
15.1  26.5757
15.11  26.5842
15.12  26.5927
15.13  26.6011
15.14  26.6096
15.15  26.618
15.16  26.6264
15.17  26.6349
15.18  26.6433
15.19  26.6517
15.2  26.6601
15.21  26.6686
15.22  26.677
15.23  26.6854
15.24  26.6938
15.25  26.7022
15.26  26.7105
15.27  26.7189
15.28  26.7273
15.29  26.7357
15.3  26.744
15.31  26.7524
15.32  26.7607
15.33  26.7691
15.34  26.7774
15.35  26.7858
15.36  26.7941
15.37  26.8024
15.38  26.8108
15.39  26.8191
15.4  26.8274
15.41  26.8357
15.42  26.844
15.43  26.8523
15.44  26.8606
15.45  26.8689
15.46  26.8771
15.47  26.8854
15.48  26.8937
15.49  26.902
15.5  26.9102
15.51  26.9185
15.52  26.9267
15.53  26.935
15.54  26.9432
15.55  26.9514
15.56  26.9597
15.57  26.9679
15.58  26.9761
15.59  26.9843
15.6  26.9925
15.61  27.0007
15.62  27.0089
15.63  27.0171
15.64  27.0253
15.65  27.0335
15.66  27.0417
15.67  27.0498
15.68  27.058
15.69  27.0662
15.7  27.0743
15.71  27.0825
15.72  27.0906
15.73  27.0988
15.74  27.1069
15.75  27.115
15.76  27.1231
15.77  27.1313
15.78  27.1394
15.79  27.1475
15.8  27.1556
15.81  27.1637
15.82  27.1718
15.83  27.1799
15.84  27.188
15.85  27.196
15.86  27.2041
15.87  27.2122
15.88  27.2202
15.89  27.2283
15.9  27.2364
15.91  27.2444
15.92  27.2524
15.93  27.2605
15.94  27.2685
15.95  27.2765
15.96  27.2846
15.97  27.2926
15.98  27.3006
15.99  27.3086
16  27.3166
16.01  27.3246
16.02  27.3326
16.03  27.3406
16.04  27.3486
16.05  27.3565
16.06  27.3645
16.07  27.3725
16.08  27.3804
16.09  27.3884
16.1  27.3964
16.11  27.4043
16.12  27.4122
16.13  27.4202
16.14  27.4281
16.15  27.436
16.16  27.444
16.17  27.4519
16.18  27.4598
16.19  27.4677
16.2  27.4756
16.21  27.4835
16.22  27.4914
16.23  27.4993
16.24  27.5072
16.25  27.515
16.26  27.5229
16.27  27.5308
16.28  27.5386
16.29  27.5465
16.3  27.5543
16.31  27.5622
16.32  27.57
16.33  27.5779
16.34  27.5857
16.35  27.5935
16.36  27.6013
16.37  27.6092
16.38  27.617
16.39  27.6248
16.4  27.6326
16.41  27.6404
16.42  27.6482
16.43  27.656
16.44  27.6637
16.45  27.6715
16.46  27.6793
16.47  27.6871
16.48  27.6948
16.49  27.7026
16.5  27.7103
16.51  27.7181
16.52  27.7258
16.53  27.7336
16.54  27.7413
16.55  27.749
16.56  27.7567
16.57  27.7645
16.58  27.7722
16.59  27.7799
16.6  27.7876
16.61  27.7953
16.62  27.803
16.63  27.8107
16.64  27.8183
16.65  27.826
16.66  27.8337
16.67  27.8414
16.68  27.849
16.69  27.8567
16.7  27.8643
16.71  27.872
16.72  27.8796
16.73  27.8873
16.74  27.8949
16.75  27.9025
16.76  27.9102
16.77  27.9178
16.78  27.9254
16.79  27.933
16.8  27.9406
16.81  27.9482
16.82  27.9558
16.83  27.9634
16.84  27.971
16.85  27.9786
16.86  27.9862
16.87  27.9937
16.88  28.0013
16.89  28.0089
16.9  28.0164
16.91  28.024
16.92  28.0315
16.93  28.0391
16.94  28.0466
16.95  28.0541
16.96  28.0617
16.97  28.0692
16.98  28.0767
16.99  28.0842
17  28.0917
17.01  28.0992
17.02  28.1067
17.03  28.1142
17.04  28.1217
17.05  28.1292
17.06  28.1367
17.07  28.1442
17.08  28.1516
17.09  28.1591
17.1  28.1666
17.11  28.174
17.12  28.1815
17.13  28.1889
17.14  28.1964
17.15  28.2038
17.16  28.2112
17.17  28.2186
17.18  28.2261
17.19  28.2335
17.2  28.2409
17.21  28.2483
17.22  28.2557
17.23  28.2631
17.24  28.2705
17.25  28.2779
17.26  28.2853
17.27  28.2927
17.28  28.3
17.29  28.3074
17.3  28.3148
17.31  28.3221
17.32  28.3295
17.33  28.3369
17.34  28.3442
17.35  28.3515
17.36  28.3589
17.37  28.3662
17.38  28.3735
17.39  28.3809
17.4  28.3882
17.41  28.3955
17.42  28.4028
17.43  28.4101
17.44  28.4174
17.45  28.4247
17.46  28.432
17.47  28.4393
17.48  28.4466
17.49  28.4539
17.5  28.4611
17.51  28.4684
17.52  28.4757
17.53  28.4829
17.54  28.4902
17.55  28.4974
17.56  28.5047
17.57  28.5119
17.58  28.5191
17.59  28.5264
17.6  28.5336
17.61  28.5408
17.62  28.548
17.63  28.5552
17.64  28.5624
17.65  28.5697
17.66  28.5769
17.67  28.584
17.68  28.5912
17.69  28.5984
17.7  28.6056
17.71  28.6128
17.72  28.6199
17.73  28.6271
17.74  28.6343
17.75  28.6414
17.76  28.6486
17.77  28.6557
17.78  28.6629
17.79  28.67
17.8  28.6771
17.81  28.6843
17.82  28.6914
17.83  28.6985
17.84  28.7056
17.85  28.7127
17.86  28.7198
17.87  28.7269
17.88  28.734
17.89  28.7411
17.9  28.7482
17.91  28.7553
17.92  28.7624
17.93  28.7694
17.94  28.7765
17.95  28.7836
17.96  28.7906
17.97  28.7977
17.98  28.8047
17.99  28.8118
18  28.8188
18.01  28.8259
18.02  28.8329
18.03  28.8399
18.04  28.847
18.05  28.854
18.06  28.861
18.07  28.868
18.08  28.875
18.09  28.882
18.1  28.889
18.11  28.896
18.12  28.903
18.13  28.91
18.14  28.9169
18.15  28.9239
18.16  28.9309
18.17  28.9378
18.18  28.9448
18.19  28.9518
18.2  28.9587
18.21  28.9657
18.22  28.9726
18.23  28.9795
18.24  28.9865
18.25  28.9934
18.26  29.0003
18.27  29.0072
18.28  29.0142
18.29  29.0211
18.3  29.028
18.31  29.0349
18.32  29.0418
18.33  29.0487
18.34  29.0555
18.35  29.0624
18.36  29.0693
18.37  29.0762
18.38  29.083
18.39  29.0899
18.4  29.0968
18.41  29.1036
18.42  29.1105
18.43  29.1173
18.44  29.1242
18.45  29.131
18.46  29.1378
18.47  29.1447
18.48  29.1515
18.49  29.1583
18.5  29.1651
18.51  29.1719
18.52  29.1788
18.53  29.1856
18.54  29.1924
18.55  29.1991
18.56  29.2059
18.57  29.2127
18.58  29.2195
18.59  29.2263
18.6  29.233
18.61  29.2398
18.62  29.2466
18.63  29.2533
18.64  29.2601
18.65  29.2668
18.66  29.2736
18.67  29.2803
18.68  29.2871
18.69  29.2938
18.7  29.3005
18.71  29.3072
18.72  29.314
18.73  29.3207
18.74  29.3274
18.75  29.3341
18.76  29.3408
18.77  29.3475
18.78  29.3542
18.79  29.3609
18.8  29.3675
18.81  29.3742
18.82  29.3809
18.83  29.3876
18.84  29.3942
18.85  29.4009
18.86  29.4076
18.87  29.4142
18.88  29.4209
18.89  29.4275
18.9  29.4341
18.91  29.4408
18.92  29.4474
18.93  29.454
18.94  29.4607
18.95  29.4673
18.96  29.4739
18.97  29.4805
18.98  29.4871
18.99  29.4937
19  29.5003
19.01  29.5069
19.02  29.5135
19.03  29.5201
19.04  29.5266
19.05  29.5332
19.06  29.5398
19.07  29.5463
19.08  29.5529
19.09  29.5595
19.1  29.566
19.11  29.5726
19.12  29.5791
19.13  29.5856
19.14  29.5922
19.15  29.5987
19.16  29.6052
19.17  29.6117
19.18  29.6183
19.19  29.6248
19.2  29.6313
19.21  29.6378
19.22  29.6443
19.23  29.6508
19.24  29.6573
19.25  29.6638
19.26  29.6702
19.27  29.6767
19.28  29.6832
19.29  29.6897
19.3  29.6961
19.31  29.7026
19.32  29.7091
19.33  29.7155
19.34  29.722
19.35  29.7284
19.36  29.7348
19.37  29.7413
19.38  29.7477
19.39  29.7541
19.4  29.7606
19.41  29.767
19.42  29.7734
19.43  29.7798
19.44  29.7862
19.45  29.7926
19.46  29.799
19.47  29.8054
19.48  29.8118
19.49  29.8182
19.5  29.8245
19.51  29.8309
19.52  29.8373
19.53  29.8437
19.54  29.85
19.55  29.8564
19.56  29.8627
19.57  29.8691
19.58  29.8754
19.59  29.8818
19.6  29.8881
19.61  29.8944
19.62  29.9008
19.63  29.9071
19.64  29.9134
19.65  29.9197
19.66  29.926
19.67  29.9324
19.68  29.9387
19.69  29.945
19.7  29.9512
19.71  29.9575
19.72  29.9638
19.73  29.9701
19.74  29.9764
19.75  29.9827
19.76  29.9889
19.77  29.9952
19.78  30.0015
19.79  30.0077
19.8  30.014
19.81  30.0202
19.82  30.0265
19.83  30.0327
19.84  30.0389
19.85  30.0452
19.86  30.0514
19.87  30.0576
19.88  30.0638
19.89  30.07
19.9  30.0763
19.91  30.0825
19.92  30.0887
19.93  30.0949
19.94  30.1011
19.95  30.1072
19.96  30.1134
19.97  30.1196
19.98  30.1258
19.99  30.132
20  30.1381
20.01  30.1443
20.02  30.1505
20.03  30.1566
20.04  30.1628
20.05  30.1689
20.06  30.1751
20.07  30.1812
20.08  30.1873
20.09  30.1935
20.1  30.1996
20.11  30.2057
20.12  30.2118
20.13  30.2179
20.14  30.2241
20.15  30.2302
20.16  30.2363
20.17  30.2424
20.18  30.2485
20.19  30.2545
20.2  30.2606
20.21  30.2667
20.22  30.2728
20.23  30.2789
20.24  30.2849
20.25  30.291
20.26  30.2971
20.27  30.3031
20.28  30.3092
20.29  30.3152
20.3  30.3213
20.31  30.3273
20.32  30.3333
20.33  30.3394
20.34  30.3454
20.35  30.3514
20.36  30.3574
20.37  30.3634
20.38  30.3695
20.39  30.3755
20.4  30.3815
20.41  30.3875
20.42  30.3935
20.43  30.3995
20.44  30.4054
20.45  30.4114
20.46  30.4174
20.47  30.4234
20.48  30.4293
20.49  30.4353
20.5  30.4413
20.51  30.4472
20.52  30.4532
20.53  30.4591
20.54  30.4651
20.55  30.471
20.56  30.477
20.57  30.4829
20.58  30.4888
20.59  30.4947
20.6  30.5007
20.61  30.5066
20.62  30.5125
20.63  30.5184
20.64  30.5243
20.65  30.5302
20.66  30.5361
20.67  30.542
20.68  30.5479
20.69  30.5538
20.7  30.5596
20.71  30.5655
20.72  30.5714
20.73  30.5773
20.74  30.5831
20.75  30.589
20.76  30.5948
20.77  30.6007
20.78  30.6065
20.79  30.6124
20.8  30.6182
20.81  30.6241
20.82  30.6299
20.83  30.6357
20.84  30.6415
20.85  30.6474
20.86  30.6532
20.87  30.659
20.88  30.6648
20.89  30.6706
20.9  30.6764
20.91  30.6822
20.92  30.688
20.93  30.6938
20.94  30.6995
20.95  30.7053
20.96  30.7111
20.97  30.7169
20.98  30.7226
20.99  30.7284
21  30.7342
21.01  30.7399
21.02  30.7457
21.03  30.7514
21.04  30.7572
21.05  30.7629
21.06  30.7686
21.07  30.7744
21.08  30.7801
21.09  30.7858
21.1  30.7915
21.11  30.7972
21.12  30.8029
21.13  30.8087
21.14  30.8144
21.15  30.8201
21.16  30.8257
21.17  30.8314
21.18  30.8371
21.19  30.8428
21.2  30.8485
21.21  30.8542
21.22  30.8598
21.23  30.8655
21.24  30.8712
21.25  30.8768
21.26  30.8825
21.27  30.8881
21.28  30.8938
21.29  30.8994
21.3  30.9051
21.31  30.9107
21.32  30.9163
21.33  30.9219
21.34  30.9276
21.35  30.9332
21.36  30.9388
21.37  30.9444
21.38  30.95
21.39  30.9556
21.4  30.9612
21.41  30.9668
21.42  30.9724
21.43  30.978
21.44  30.9836
21.45  30.9892
21.46  30.9947
21.47  31.0003
21.48  31.0059
21.49  31.0114
21.5  31.017
21.51  31.0225
21.52  31.0281
21.53  31.0336
21.54  31.0392
21.55  31.0447
21.56  31.0503
21.57  31.0558
21.58  31.0613
21.59  31.0668
21.6  31.0724
21.61  31.0779
21.62  31.0834
21.63  31.0889
21.64  31.0944
21.65  31.0999
21.66  31.1054
21.67  31.1109
21.68  31.1164
21.69  31.1219
21.7  31.1273
21.71  31.1328
21.72  31.1383
21.73  31.1438
21.74  31.1492
21.75  31.1547
21.76  31.1601
21.77  31.1656
21.78  31.171
21.79  31.1765
21.8  31.1819
21.81  31.1874
21.82  31.1928
21.83  31.1982
21.84  31.2037
21.85  31.2091
21.86  31.2145
21.87  31.2199
21.88  31.2253
21.89  31.2307
21.9  31.2361
21.91  31.2415
21.92  31.2469
21.93  31.2523
21.94  31.2577
21.95  31.2631
21.96  31.2685
21.97  31.2738
21.98  31.2792
21.99  31.2846
22  31.2899
22.01  31.2953
22.02  31.3007
22.03  31.306
22.04  31.3114
22.05  31.3167
22.06  31.322
22.07  31.3274
22.08  31.3327
22.09  31.338
22.1  31.3434
22.11  31.3487
22.12  31.354
22.13  31.3593
22.14  31.3646
22.15  31.3699
22.16  31.3752
22.17  31.3805
22.18  31.3858
22.19  31.3911
22.2  31.3964
22.21  31.4017
22.22  31.407
22.23  31.4122
22.24  31.4175
22.25  31.4228
22.26  31.428
22.27  31.4333
22.28  31.4385
22.29  31.4438
22.3  31.449
22.31  31.4543
22.32  31.4595
22.33  31.4648
22.34  31.47
22.35  31.4752
22.36  31.4804
22.37  31.4857
22.38  31.4909
22.39  31.4961
22.4  31.5013
22.41  31.5065
22.42  31.5117
22.43  31.5169
22.44  31.5221
22.45  31.5273
22.46  31.5325
22.47  31.5377
22.48  31.5428
22.49  31.548
22.5  31.5532
22.51  31.5583
22.52  31.5635
22.53  31.5687
22.54  31.5738
22.55  31.579
22.56  31.5841
22.57  31.5893
22.58  31.5944
22.59  31.5995
22.6  31.6047
22.61  31.6098
22.62  31.6149
22.63  31.6201
22.64  31.6252
22.65  31.6303
22.66  31.6354
22.67  31.6405
22.68  31.6456
22.69  31.6507
22.7  31.6558
22.71  31.6609
22.72  31.666
22.73  31.6711
22.74  31.6761
22.75  31.6812
22.76  31.6863
22.77  31.6914
22.78  31.6964
22.79  31.7015
22.8  31.7065
22.81  31.7116
22.82  31.7166
22.83  31.7217
22.84  31.7267
22.85  31.7318
22.86  31.7368
22.87  31.7418
22.88  31.7468
22.89  31.7519
22.9  31.7569
22.91  31.7619
22.92  31.7669
22.93  31.7719
22.94  31.7769
22.95  31.7819
22.96  31.7869
22.97  31.7919
22.98  31.7969
22.99  31.8019
23  31.8069
23.01  31.8118
23.02  31.8168
23.03  31.8218
23.04  31.8268
23.05  31.8317
23.06  31.8367
23.07  31.8416
23.08  31.8466
23.09  31.8515
23.1  31.8565
23.11  31.8614
23.12  31.8664
23.13  31.8713
23.14  31.8762
23.15  31.8811
23.16  31.8861
23.17  31.891
23.18  31.8959
23.19  31.9008
23.2  31.9057
23.21  31.9106
23.22  31.9155
23.23  31.9204
23.24  31.9253
23.25  31.9302
23.26  31.9351
23.27  31.9399
23.28  31.9448
23.29  31.9497
23.3  31.9546
23.31  31.9594
23.32  31.9643
23.33  31.9691
23.34  31.974
23.35  31.9789
23.36  31.9837
23.37  31.9885
23.38  31.9934
23.39  31.9982
23.4  32.003
23.41  32.0079
23.42  32.0127
23.43  32.0175
23.44  32.0223
23.45  32.0271
23.46  32.032
23.47  32.0368
23.48  32.0416
23.49  32.0464
23.5  32.0512
23.51  32.056
23.52  32.0607
23.53  32.0655
23.54  32.0703
23.55  32.0751
23.56  32.0798
23.57  32.0846
23.58  32.0894
23.59  32.0941
23.6  32.0989
23.61  32.1037
23.62  32.1084
23.63  32.1132
23.64  32.1179
23.65  32.1226
23.66  32.1274
23.67  32.1321
23.68  32.1368
23.69  32.1416
23.7  32.1463
23.71  32.151
23.72  32.1557
23.73  32.1604
23.74  32.1651
23.75  32.1698
23.76  32.1745
23.77  32.1792
23.78  32.1839
23.79  32.1886
23.8  32.1933
23.81  32.198
23.82  32.2026
23.83  32.2073
23.84  32.212
23.85  32.2166
23.86  32.2213
23.87  32.226
23.88  32.2306
23.89  32.2353
23.9  32.2399
23.91  32.2446
23.92  32.2492
23.93  32.2538
23.94  32.2585
23.95  32.2631
23.96  32.2677
23.97  32.2723
23.98  32.277
23.99  32.2816
24  32.2862
24.01  32.2908
24.02  32.2954
24.03  32.3
24.04  32.3046
24.05  32.3092
24.06  32.3138
24.07  32.3184
24.08  32.3229
24.09  32.3275
24.1  32.3321
24.11  32.3367
24.12  32.3412
24.13  32.3458
24.14  32.3503
24.15  32.3549
24.16  32.3595
24.17  32.364
24.18  32.3686
24.19  32.3731
24.2  32.3776
24.21  32.3822
24.22  32.3867
24.23  32.3912
24.24  32.3957
24.25  32.4003
24.26  32.4048
24.27  32.4093
24.28  32.4138
24.29  32.4183
24.3  32.4228
24.31  32.4273
24.32  32.4318
24.33  32.4363
24.34  32.4408
24.35  32.4453
24.36  32.4497
24.37  32.4542
24.38  32.4587
24.39  32.4632
24.4  32.4676
24.41  32.4721
24.42  32.4765
24.43  32.481
24.44  32.4854
24.45  32.4899
24.46  32.4943
24.47  32.4988
24.48  32.5032
24.49  32.5076
24.5  32.5121
24.51  32.5165
24.52  32.5209
24.53  32.5253
24.54  32.5298
24.55  32.5342
24.56  32.5386
24.57  32.543
24.58  32.5474
24.59  32.5518
24.6  32.5562
24.61  32.5606
24.62  32.5649
24.63  32.5693
24.64  32.5737
24.65  32.5781
24.66  32.5825
24.67  32.5868
24.68  32.5912
24.69  32.5956
24.7  32.5999
24.71  32.6043
24.72  32.6086
24.73  32.613
24.74  32.6173
24.75  32.6216
24.76  32.626
24.77  32.6303
24.78  32.6346
24.79  32.639
24.8  32.6433
24.81  32.6476
24.82  32.6519
24.83  32.6562
24.84  32.6605
24.85  32.6648
24.86  32.6691
24.87  32.6734
24.88  32.6777
24.89  32.682
24.9  32.6863
24.91  32.6906
24.92  32.6949
24.93  32.6991
24.94  32.7034
24.95  32.7077
24.96  32.7119
24.97  32.7162
24.98  32.7205
24.99  32.7247
25  32.729
25.01  32.7332
25.02  32.7375
25.03  32.7417
25.04  32.7459
25.05  32.7502
25.06  32.7544
25.07  32.7586
25.08  32.7628
25.09  32.7671
25.1  32.7713
25.11  32.7755
25.12  32.7797
25.13  32.7839
25.14  32.7881
25.15  32.7923
25.16  32.7965
25.17  32.8007
25.18  32.8049
25.19  32.809
25.2  32.8132
25.21  32.8174
25.22  32.8216
25.23  32.8257
25.24  32.8299
25.25  32.8341
25.26  32.8382
25.27  32.8424
25.28  32.8465
25.29  32.8507
25.3  32.8548
25.31  32.859
25.32  32.8631
25.33  32.8672
25.34  32.8714
25.35  32.8755
25.36  32.8796
25.37  32.8837
25.38  32.8878
25.39  32.892
25.4  32.8961
25.41  32.9002
25.42  32.9043
25.43  32.9084
25.44  32.9125
25.45  32.9166
25.46  32.9206
25.47  32.9247
25.48  32.9288
25.49  32.9329
25.5  32.937
25.51  32.941
25.52  32.9451
25.53  32.9492
25.54  32.9532
25.55  32.9573
25.56  32.9613
25.57  32.9654
25.58  32.9694
25.59  32.9735
25.6  32.9775
25.61  32.9815
25.62  32.9856
25.63  32.9896
25.64  32.9936
25.65  32.9976
25.66  33.0017
25.67  33.0057
25.68  33.0097
25.69  33.0137
25.7  33.0177
25.71  33.0217
25.72  33.0257
25.73  33.0297
25.74  33.0337
25.75  33.0377
25.76  33.0416
25.77  33.0456
25.78  33.0496
25.79  33.0536
25.8  33.0575
25.81  33.0615
25.82  33.0655
25.83  33.0694
25.84  33.0734
25.85  33.0773
25.86  33.0813
25.87  33.0852
25.88  33.0892
25.89  33.0931
25.9  33.097
25.91  33.101
25.92  33.1049
25.93  33.1088
25.94  33.1127
25.95  33.1167
25.96  33.1206
25.97  33.1245
25.98  33.1284
25.99  33.1323
26  33.1362
26.01  33.1401
26.02  33.144
26.03  33.1479
26.04  33.1517
26.05  33.1556
26.06  33.1595
26.07  33.1634
26.08  33.1672
26.09  33.1711
26.1  33.175
26.11  33.1788
26.12  33.1827
26.13  33.1866
26.14  33.1904
26.15  33.1943
26.16  33.1981
26.17  33.2019
26.18  33.2058
26.19  33.2096
26.2  33.2134
26.21  33.2173
26.22  33.2211
26.23  33.2249
26.24  33.2287
26.25  33.2325
26.26  33.2363
26.27  33.2401
26.28  33.2439
26.29  33.2477
26.3  33.2515
26.31  33.2553
26.32  33.2591
26.33  33.2629
26.34  33.2667
26.35  33.2705
26.36  33.2742
26.37  33.278
26.38  33.2818
26.39  33.2855
26.4  33.2893
26.41  33.2931
26.42  33.2968
26.43  33.3006
26.44  33.3043
26.45  33.3081
26.46  33.3118
26.47  33.3155
26.48  33.3193
26.49  33.323
26.5  33.3267
26.51  33.3304
26.52  33.3342
26.53  33.3379
26.54  33.3416
26.55  33.3453
26.56  33.349
26.57  33.3527
26.58  33.3564
26.59  33.3601
26.6  33.3638
26.61  33.3675
26.62  33.3712
26.63  33.3749
26.64  33.3785
26.65  33.3822
26.66  33.3859
26.67  33.3895
26.68  33.3932
26.69  33.3969
26.7  33.4005
26.71  33.4042
26.72  33.4078
26.73  33.4115
26.74  33.4151
26.75  33.4188
26.76  33.4224
26.77  33.426
26.78  33.4297
26.79  33.4333
26.8  33.4369
26.81  33.4405
26.82  33.4442
26.83  33.4478
26.84  33.4514
26.85  33.455
26.86  33.4586
26.87  33.4622
26.88  33.4658
26.89  33.4694
26.9  33.473
26.91  33.4766
26.92  33.4801
26.93  33.4837
26.94  33.4873
26.95  33.4909
26.96  33.4944
26.97  33.498
26.98  33.5016
26.99  33.5051
27  33.5087
27.01  33.5122
27.02  33.5158
27.03  33.5193
27.04  33.5229
27.05  33.5264
27.06  33.5299
27.07  33.5335
27.08  33.537
27.09  33.5405
27.1  33.5441
27.11  33.5476
27.12  33.5511
27.13  33.5546
27.14  33.5581
27.15  33.5616
27.16  33.5651
27.17  33.5686
27.18  33.5721
27.19  33.5756
27.2  33.5791
27.21  33.5826
27.22  33.5861
27.23  33.5895
27.24  33.593
27.25  33.5965
27.26  33.5999
27.27  33.6034
27.28  33.6069
27.29  33.6103
27.3  33.6138
27.31  33.6172
27.32  33.6207
27.33  33.6241
27.34  33.6276
27.35  33.631
27.36  33.6344
27.37  33.6379
27.38  33.6413
27.39  33.6447
27.4  33.6481
27.41  33.6516
27.42  33.655
27.43  33.6584
27.44  33.6618
27.45  33.6652
27.46  33.6686
27.47  33.672
27.48  33.6754
27.49  33.6788
27.5  33.6822
27.51  33.6855
27.52  33.6889
27.53  33.6923
27.54  33.6957
27.55  33.699
27.56  33.7024
27.57  33.7058
27.58  33.7091
27.59  33.7125
27.6  33.7158
27.61  33.7192
27.62  33.7225
27.63  33.7259
27.64  33.7292
27.65  33.7326
27.66  33.7359
27.67  33.7392
27.68  33.7425
27.69  33.7459
27.7  33.7492
27.71  33.7525
27.72  33.7558
27.73  33.7591
27.74  33.7624
27.75  33.7657
27.76  33.769
27.77  33.7723
27.78  33.7756
27.79  33.7789
27.8  33.7822
27.81  33.7855
27.82  33.7888
27.83  33.792
27.84  33.7953
27.85  33.7986
27.86  33.8019
27.87  33.8051
27.88  33.8084
27.89  33.8116
27.9  33.8149
27.91  33.8181
27.92  33.8214
27.93  33.8246
27.94  33.8279
27.95  33.8311
27.96  33.8343
27.97  33.8376
27.98  33.8408
27.99  33.844
28  33.8472
28.01  33.8504
28.02  33.8537
28.03  33.8569
28.04  33.8601
28.05  33.8633
28.06  33.8665
28.07  33.8697
28.08  33.8729
28.09  33.8761
28.1  33.8792
28.11  33.8824
28.12  33.8856
28.13  33.8888
28.14  33.892
28.15  33.8951
28.16  33.8983
28.17  33.9015
28.18  33.9046
28.19  33.9078
28.2  33.9109
28.21  33.9141
28.22  33.9172
28.23  33.9204
28.24  33.9235
28.25  33.9266
28.26  33.9298
28.27  33.9329
28.28  33.936
28.29  33.9392
28.3  33.9423
28.31  33.9454
28.32  33.9485
28.33  33.9516
28.34  33.9547
28.35  33.9578
28.36  33.9609
28.37  33.964
28.38  33.9671
28.39  33.9702
28.4  33.9733
28.41  33.9764
28.42  33.9795
28.43  33.9825
28.44  33.9856
28.45  33.9887
28.46  33.9917
28.47  33.9948
28.48  33.9979
28.49  34.0009
28.5  34.004
28.51  34.007
28.52  34.0101
28.53  34.0131
28.54  34.0162
28.55  34.0192
28.56  34.0222
28.57  34.0253
28.58  34.0283
28.59  34.0313
28.6  34.0343
28.61  34.0374
28.62  34.0404
28.63  34.0434
28.64  34.0464
28.65  34.0494
28.66  34.0524
28.67  34.0554
28.68  34.0584
28.69  34.0614
28.7  34.0644
28.71  34.0674
28.72  34.0703
28.73  34.0733
28.74  34.0763
28.75  34.0793
28.76  34.0822
28.77  34.0852
28.78  34.0882
28.79  34.0911
28.8  34.0941
28.81  34.097
28.82  34.1
28.83  34.1029
28.84  34.1059
28.85  34.1088
28.86  34.1117
28.87  34.1147
28.88  34.1176
28.89  34.1205
28.9  34.1234
28.91  34.1264
28.92  34.1293
28.93  34.1322
28.94  34.1351
28.95  34.138
28.96  34.1409
28.97  34.1438
28.98  34.1467
28.99  34.1496
29  34.1525
29.01  34.1554
29.02  34.1583
29.03  34.1611
29.04  34.164
29.05  34.1669
29.06  34.1698
29.07  34.1726
29.08  34.1755
29.09  34.1783
29.1  34.1812
29.11  34.1841
29.12  34.1869
29.13  34.1898
29.14  34.1926
29.15  34.1954
29.16  34.1983
29.17  34.2011
29.18  34.2039
29.19  34.2068
29.2  34.2096
29.21  34.2124
29.22  34.2152
29.23  34.218
29.24  34.2209
29.25  34.2237
29.26  34.2265
29.27  34.2293
29.28  34.2321
29.29  34.2349
29.3  34.2377
29.31  34.2404
29.32  34.2432
29.33  34.246
29.34  34.2488
29.35  34.2516
29.36  34.2543
29.37  34.2571
29.38  34.2599
29.39  34.2626
29.4  34.2654
29.41  34.2682
29.42  34.2709
29.43  34.2737
29.44  34.2764
29.45  34.2791
29.46  34.2819
29.47  34.2846
29.48  34.2874
29.49  34.2901
29.5  34.2928
29.51  34.2955
29.52  34.2983
29.53  34.301
29.54  34.3037
29.55  34.3064
29.56  34.3091
29.57  34.3118
29.58  34.3145
29.59  34.3172
29.6  34.3199
29.61  34.3226
29.62  34.3253
29.63  34.328
29.64  34.3306
29.65  34.3333
29.66  34.336
29.67  34.3387
29.68  34.3413
29.69  34.344
29.7  34.3467
29.71  34.3493
29.72  34.352
29.73  34.3546
29.74  34.3573
29.75  34.3599
29.76  34.3626
29.77  34.3652
29.78  34.3678
29.79  34.3705
29.8  34.3731
29.81  34.3757
29.82  34.3784
29.83  34.381
29.84  34.3836
29.85  34.3862
29.86  34.3888
29.87  34.3914
29.88  34.394
29.89  34.3966
29.9  34.3992
29.91  34.4018
29.92  34.4044
29.93  34.407
29.94  34.4096
29.95  34.4122
29.96  34.4147
29.97  34.4173
29.98  34.4199
29.99  34.4225
30  34.425
30.01  34.4276
30.02  34.4302
30.03  34.4327
30.04  34.4353
30.05  34.4378
30.06  34.4404
30.07  34.4429
30.08  34.4454
30.09  34.448
30.1  34.4505
30.11  34.453
30.12  34.4556
30.13  34.4581
30.14  34.4606
30.15  34.4631
30.16  34.4656
30.17  34.4681
30.18  34.4707
30.19  34.4732
30.2  34.4757
30.21  34.4782
30.22  34.4807
30.23  34.4831
30.24  34.4856
30.25  34.4881
30.26  34.4906
30.27  34.4931
30.28  34.4956
30.29  34.498
30.3  34.5005
30.31  34.503
30.32  34.5054
30.33  34.5079
30.34  34.5103
30.35  34.5128
30.36  34.5152
30.37  34.5177
30.38  34.5201
30.39  34.5226
30.4  34.525
30.41  34.5274
30.42  34.5299
30.43  34.5323
30.44  34.5347
30.45  34.5371
30.46  34.5396
30.47  34.542
30.48  34.5444
30.49  34.5468
30.5  34.5492
30.51  34.5516
30.52  34.554
30.53  34.5564
30.54  34.5588
30.55  34.5612
30.56  34.5636
30.57  34.5659
30.58  34.5683
30.59  34.5707
30.6  34.5731
30.61  34.5754
30.62  34.5778
30.63  34.5802
30.64  34.5825
30.65  34.5849
30.66  34.5872
30.67  34.5896
30.68  34.5919
30.69  34.5943
30.7  34.5966
30.71  34.599
30.72  34.6013
30.73  34.6036
30.74  34.606
30.75  34.6083
30.76  34.6106
30.77  34.6129
30.78  34.6152
30.79  34.6175
30.8  34.6199
30.81  34.6222
30.82  34.6245
30.83  34.6268
30.84  34.6291
30.85  34.6314
30.86  34.6336
30.87  34.6359
30.88  34.6382
30.89  34.6405
30.9  34.6428
30.91  34.645
30.92  34.6473
30.93  34.6496
30.94  34.6518
30.95  34.6541
30.96  34.6564
30.97  34.6586
30.98  34.6609
30.99  34.6631
31  34.6654
31.01  34.6676
31.02  34.6699
31.03  34.6721
31.04  34.6743
31.05  34.6765
31.06  34.6788
31.07  34.681
31.08  34.6832
31.09  34.6854
31.1  34.6877
31.11  34.6899
31.12  34.6921
31.13  34.6943
31.14  34.6965
31.15  34.6987
31.16  34.7009
31.17  34.7031
31.18  34.7052
31.19  34.7074
31.2  34.7096
31.21  34.7118
31.22  34.714
31.23  34.7161
31.24  34.7183
31.25  34.7205
31.26  34.7226
31.27  34.7248
31.28  34.727
31.29  34.7291
31.3  34.7313
31.31  34.7334
31.32  34.7356
31.33  34.7377
31.34  34.7398
31.35  34.742
31.36  34.7441
31.37  34.7462
31.38  34.7483
31.39  34.7505
31.4  34.7526
31.41  34.7547
31.42  34.7568
31.43  34.7589
31.44  34.761
31.45  34.7631
31.46  34.7652
31.47  34.7673
31.48  34.7694
31.49  34.7715
31.5  34.7736
31.51  34.7757
31.52  34.7778
31.53  34.7798
31.54  34.7819
31.55  34.784
31.56  34.7861
31.57  34.7881
31.58  34.7902
31.59  34.7922
31.6  34.7943
31.61  34.7964
31.62  34.7984
31.63  34.8004
31.64  34.8025
31.65  34.8045
31.66  34.8066
31.67  34.8086
31.68  34.8106
31.69  34.8127
31.7  34.8147
31.71  34.8167
31.72  34.8187
31.73  34.8207
31.74  34.8227
31.75  34.8248
31.76  34.8268
31.77  34.8288
31.78  34.8308
31.79  34.8328
31.8  34.8348
31.81  34.8367
31.82  34.8387
31.83  34.8407
31.84  34.8427
31.85  34.8447
31.86  34.8466
31.87  34.8486
31.88  34.8506
31.89  34.8525
31.9  34.8545
31.91  34.8565
31.92  34.8584
31.93  34.8604
31.94  34.8623
31.95  34.8643
31.96  34.8662
31.97  34.8681
31.98  34.8701
31.99  34.872
32  34.8739
32.01  34.8759
32.02  34.8778
32.03  34.8797
32.04  34.8816
32.05  34.8835
32.06  34.8855
32.07  34.8874
32.08  34.8893
32.09  34.8912
32.1  34.8931
32.11  34.895
32.12  34.8969
32.13  34.8987
32.14  34.9006
32.15  34.9025
32.16  34.9044
32.17  34.9063
32.18  34.9081
32.19  34.91
32.2  34.9119
32.21  34.9137
32.22  34.9156
32.23  34.9175
32.24  34.9193
32.25  34.9212
32.26  34.923
32.27  34.9249
32.28  34.9267
32.29  34.9285
32.3  34.9304
32.31  34.9322
32.32  34.934
32.33  34.9359
32.34  34.9377
32.35  34.9395
32.36  34.9413
32.37  34.9431
32.38  34.945
32.39  34.9468
32.4  34.9486
32.41  34.9504
32.42  34.9522
32.43  34.954
32.44  34.9558
32.45  34.9575
32.46  34.9593
32.47  34.9611
32.48  34.9629
32.49  34.9647
32.5  34.9664
32.51  34.9682
32.52  34.97
32.53  34.9717
32.54  34.9735
32.55  34.9753
32.56  34.977
32.57  34.9788
32.58  34.9805
32.59  34.9823
32.6  34.984
32.61  34.9857
32.62  34.9875
32.63  34.9892
32.64  34.9909
32.65  34.9927
32.66  34.9944
32.67  34.9961
32.68  34.9978
32.69  34.9995
32.7  35.0012
32.71  35.003
32.72  35.0047
32.73  35.0064
32.74  35.0081
32.75  35.0098
32.76  35.0114
32.77  35.0131
32.78  35.0148
32.79  35.0165
32.8  35.0182
32.81  35.0199
32.82  35.0215
32.83  35.0232
32.84  35.0249
32.85  35.0265
32.86  35.0282
32.87  35.0299
32.88  35.0315
32.89  35.0332
32.9  35.0348
32.91  35.0365
32.92  35.0381
32.93  35.0397
32.94  35.0414
32.95  35.043
32.96  35.0446
32.97  35.0463
32.98  35.0479
32.99  35.0495
33  35.0511
33.01  35.0527
33.02  35.0544
33.03  35.056
33.04  35.0576
33.05  35.0592
33.06  35.0608
33.07  35.0624
33.08  35.064
33.09  35.0655
33.1  35.0671
33.11  35.0687
33.12  35.0703
33.13  35.0719
33.14  35.0734
33.15  35.075
33.16  35.0766
33.17  35.0782
33.18  35.0797
33.19  35.0813
33.2  35.0828
33.21  35.0844
33.22  35.0859
33.23  35.0875
33.24  35.089
33.25  35.0906
33.26  35.0921
33.27  35.0936
33.28  35.0952
33.29  35.0967
33.3  35.0982
33.31  35.0997
33.32  35.1012
33.33  35.1028
33.34  35.1043
33.35  35.1058
33.36  35.1073
33.37  35.1088
33.38  35.1103
33.39  35.1118
33.4  35.1133
33.41  35.1148
33.42  35.1163
33.43  35.1177
33.44  35.1192
33.45  35.1207
33.46  35.1222
33.47  35.1237
33.48  35.1251
33.49  35.1266
33.5  35.128
33.51  35.1295
33.52  35.131
33.53  35.1324
33.54  35.1339
33.55  35.1353
33.56  35.1368
33.57  35.1382
33.58  35.1396
33.59  35.1411
33.6  35.1425
33.61  35.1439
33.62  35.1454
33.63  35.1468
33.64  35.1482
33.65  35.1496
33.66  35.151
33.67  35.1524
33.68  35.1538
33.69  35.1552
33.7  35.1566
33.71  35.158
33.72  35.1594
33.73  35.1608
33.74  35.1622
33.75  35.1636
33.76  35.165
33.77  35.1664
33.78  35.1677
33.79  35.1691
33.8  35.1705
33.81  35.1718
33.82  35.1732
33.83  35.1746
33.84  35.1759
33.85  35.1773
33.86  35.1786
33.87  35.18
33.88  35.1813
33.89  35.1827
33.9  35.184
33.91  35.1853
33.92  35.1867
33.93  35.188
33.94  35.1893
33.95  35.1907
33.96  35.192
33.97  35.1933
33.98  35.1946
33.99  35.1959
34  35.1972
34.01  35.1985
34.02  35.1998
34.03  35.2011
34.04  35.2024
34.05  35.2037
34.06  35.205
34.07  35.2063
34.08  35.2076
34.09  35.2089
34.1  35.2101
34.11  35.2114
34.12  35.2127
34.13  35.214
34.14  35.2152
34.15  35.2165
34.16  35.2177
34.17  35.219
34.18  35.2202
34.19  35.2215
34.2  35.2227
34.21  35.224
34.22  35.2252
34.23  35.2265
34.24  35.2277
34.25  35.2289
34.26  35.2302
34.27  35.2314
34.28  35.2326
34.29  35.2338
34.3  35.235
34.31  35.2363
34.32  35.2375
34.33  35.2387
34.34  35.2399
34.35  35.2411
34.36  35.2423
34.37  35.2435
34.38  35.2447
34.39  35.2458
34.4  35.247
34.41  35.2482
34.42  35.2494
34.43  35.2506
34.44  35.2517
34.45  35.2529
34.46  35.2541
34.47  35.2552
34.48  35.2564
34.49  35.2576
34.5  35.2587
34.51  35.2599
34.52  35.261
34.53  35.2622
34.54  35.2633
34.55  35.2644
34.56  35.2656
34.57  35.2667
34.58  35.2678
34.59  35.269
34.6  35.2701
34.61  35.2712
34.62  35.2723
34.63  35.2734
34.64  35.2745
34.65  35.2757
34.66  35.2768
34.67  35.2779
34.68  35.279
34.69  35.2801
34.7  35.2811
34.71  35.2822
34.72  35.2833
34.73  35.2844
34.74  35.2855
34.75  35.2866
34.76  35.2876
34.77  35.2887
34.78  35.2898
34.79  35.2908
34.8  35.2919
34.81  35.293
34.82  35.294
34.83  35.2951
34.84  35.2961
34.85  35.2972
34.86  35.2982
34.87  35.2993
34.88  35.3003
34.89  35.3013
34.9  35.3024
34.91  35.3034
34.92  35.3044
34.93  35.3054
34.94  35.3065
34.95  35.3075
34.96  35.3085
34.97  35.3095
34.98  35.3105
34.99  35.3115
35  35.3125
35.01  35.3135
35.02  35.3145
35.03  35.3155
35.04  35.3165
35.05  35.3175
35.06  35.3184
35.07  35.3194
35.08  35.3204
35.09  35.3214
35.1  35.3223
35.11  35.3233
35.12  35.3243
35.13  35.3252
35.14  35.3262
35.15  35.3271
35.16  35.3281
35.17  35.329
35.18  35.33
35.19  35.3309
35.2  35.3319
35.21  35.3328
35.22  35.3337
35.23  35.3347
35.24  35.3356
35.25  35.3365
35.26  35.3375
35.27  35.3384
35.28  35.3393
35.29  35.3402
35.3  35.3411
35.31  35.342
35.32  35.3429
35.33  35.3438
35.34  35.3447
35.35  35.3456
35.36  35.3465
35.37  35.3474
35.38  35.3483
35.39  35.3491
35.4  35.35
35.41  35.3509
35.42  35.3518
35.43  35.3526
35.44  35.3535
35.45  35.3544
35.46  35.3552
35.47  35.3561
35.48  35.3569
35.49  35.3578
35.5  35.3586
35.51  35.3595
35.52  35.3603
35.53  35.3612
35.54  35.362
35.55  35.3628
35.56  35.3637
35.57  35.3645
35.58  35.3653
35.59  35.3661
35.6  35.367
35.61  35.3678
35.62  35.3686
35.63  35.3694
35.64  35.3702
35.65  35.371
35.66  35.3718
35.67  35.3726
35.68  35.3734
35.69  35.3742
35.7  35.375
35.71  35.3757
35.72  35.3765
35.73  35.3773
35.74  35.3781
35.75  35.3788
35.76  35.3796
35.77  35.3804
35.78  35.3811
35.79  35.3819
35.8  35.3827
35.81  35.3834
35.82  35.3842
35.83  35.3849
35.84  35.3857
35.85  35.3864
35.86  35.3871
35.87  35.3879
35.88  35.3886
35.89  35.3893
35.9  35.3901
35.91  35.3908
35.92  35.3915
35.93  35.3922
35.94  35.3929
35.95  35.3936
35.96  35.3943
35.97  35.3951
35.98  35.3958
35.99  35.3965
36  35.3971
36.01  35.3978
36.02  35.3985
36.03  35.3992
36.04  35.3999
36.05  35.4006
36.06  35.4013
36.07  35.4019
36.08  35.4026
36.09  35.4033
36.1  35.4039
36.11  35.4046
36.12  35.4053
36.13  35.4059
36.14  35.4066
36.15  35.4072
36.16  35.4079
36.17  35.4085
36.18  35.4091
36.19  35.4098
36.2  35.4104
36.21  35.411
36.22  35.4117
36.23  35.4123
36.24  35.4129
36.25  35.4135
36.26  35.4142
36.27  35.4148
36.28  35.4154
36.29  35.416
36.3  35.4166
36.31  35.4172
36.32  35.4178
36.33  35.4184
36.34  35.419
36.35  35.4196
36.36  35.4201
36.37  35.4207
36.38  35.4213
36.39  35.4219
36.4  35.4225
36.41  35.423
36.42  35.4236
36.43  35.4242
36.44  35.4247
36.45  35.4253
36.46  35.4258
36.47  35.4264
36.48  35.4269
36.49  35.4275
36.5  35.428
36.51  35.4286
36.52  35.4291
36.53  35.4296
36.54  35.4302
36.55  35.4307
36.56  35.4312
36.57  35.4317
36.58  35.4323
36.59  35.4328
36.6  35.4333
36.61  35.4338
36.62  35.4343
36.63  35.4348
36.64  35.4353
36.65  35.4358
36.66  35.4363
36.67  35.4368
36.68  35.4373
36.69  35.4378
36.7  35.4383
36.71  35.4387
36.72  35.4392
36.73  35.4397
36.74  35.4402
36.75  35.4406
36.76  35.4411
36.77  35.4415
36.78  35.442
36.79  35.4425
36.8  35.4429
36.81  35.4434
36.82  35.4438
36.83  35.4442
36.84  35.4447
36.85  35.4451
36.86  35.4456
36.87  35.446
36.88  35.4464
36.89  35.4468
36.9  35.4473
36.91  35.4477
36.92  35.4481
36.93  35.4485
36.94  35.4489
36.95  35.4493
36.96  35.4497
36.97  35.4501
36.98  35.4505
36.99  35.4509
37  35.4513
37.01  35.4517
37.02  35.4521
37.03  35.4525
37.04  35.4528
37.05  35.4532
37.06  35.4536
37.07  35.454
37.08  35.4543
37.09  35.4547
37.1  35.455
37.11  35.4554
37.12  35.4558
37.13  35.4561
37.14  35.4565
37.15  35.4568
37.16  35.4571
37.17  35.4575
37.18  35.4578
37.19  35.4582
37.2  35.4585
37.21  35.4588
37.22  35.4591
37.23  35.4595
37.24  35.4598
37.25  35.4601
37.26  35.4604
37.27  35.4607
37.28  35.461
37.29  35.4613
37.3  35.4616
37.31  35.4619
37.32  35.4622
37.33  35.4625
37.34  35.4628
37.35  35.4631
37.36  35.4634
37.37  35.4636
37.38  35.4639
37.39  35.4642
37.4  35.4645
37.41  35.4647
37.42  35.465
37.43  35.4652
37.44  35.4655
37.45  35.4658
37.46  35.466
37.47  35.4663
37.48  35.4665
37.49  35.4667
37.5  35.467
37.51  35.4672
37.52  35.4675
37.53  35.4677
37.54  35.4679
37.55  35.4681
37.56  35.4684
37.57  35.4686
37.58  35.4688
37.59  35.469
37.6  35.4692
37.61  35.4694
37.62  35.4696
37.63  35.4698
37.64  35.47
37.65  35.4702
37.66  35.4704
37.67  35.4706
37.68  35.4708
37.69  35.4709
37.7  35.4711
37.71  35.4713
37.72  35.4715
37.73  35.4716
37.74  35.4718
37.75  35.472
37.76  35.4721
37.77  35.4723
37.78  35.4724
37.79  35.4726
37.8  35.4727
37.81  35.4729
37.82  35.473
37.83  35.4732
37.84  35.4733
37.85  35.4734
37.86  35.4736
37.87  35.4737
37.88  35.4738
37.89  35.4739
37.9  35.4741
37.91  35.4742
37.92  35.4743
37.93  35.4744
37.94  35.4745
37.95  35.4746
37.96  35.4747
37.97  35.4748
37.98  35.4749
37.99  35.475
38  35.4751
38.01  35.4752
38.02  35.4752
38.03  35.4753
38.04  35.4754
38.05  35.4755
38.06  35.4755
38.07  35.4756
38.08  35.4757
38.09  35.4757
38.1  35.4758
38.11  35.4758
38.12  35.4759
38.13  35.4759
38.14  35.476
38.15  35.476
38.16  35.4761
38.17  35.4761
38.18  35.4761
38.19  35.4761
38.2  35.4762
38.21  35.4762
38.22  35.4762
38.23  35.4762
38.24  35.4763
38.25  35.4763
38.26  35.4763
38.27  35.4763
38.28  nan
