0   10000   0   0   300
0.1   9999.95   30   -0.980665   300
0.2   9999.8   60   -1.96133   300
0.3   9999.56   90   -2.94199   300
0.4   9999.22   120   -3.92266   300
0.5   9998.77   150   -4.90332   300
0.6   9998.23   180   -5.88399   300
0.7   9997.6   210   -6.86465   300
0.8   9996.86   240   -7.84532   300
0.9   9996.03   270   -8.82598   300
1   9995.1   300   -9.80665   300
1.1   9994.07   330   -10.7873   300
1.2   9992.94   360   -11.768   300
1.3   9991.71   390   -12.7486   300
1.4   9990.39   420   -13.7293   300
1.5   9988.97   450   -14.71   300
1.6   9987.45   480   -15.6906   300
1.7   9985.83   510   -16.6713   300
1.8   9984.11   540   -17.652   300
1.9   9982.3   570   -18.6326   300
2   9980.39   600   -19.6133   300
2.1   9978.38   630   -20.594   300
2.2   9976.27   660   -21.5746   300
2.3   9974.06   690   -22.5553   300
2.4   9971.76   720   -23.536   300
2.5   9969.35   750   -24.5166   300
2.6   9966.85   780   -25.4973   300
2.7   9964.25   810   -26.478   300
2.8   9961.56   840   -27.4586   300
2.9   9958.76   870   -28.4393   300
3   9955.87   900   -29.4199   300
3.1   9952.88   930   -30.4006   300
3.2   9949.79   960   -31.3813   300
3.3   9946.6   990   -32.3619   300
3.4   9943.32   1020   -33.3426   300
3.5   9939.93   1050   -34.3233   300
3.6   9936.45   1080   -35.3039   300
3.7   9932.87   1110   -36.2846   300
3.8   9929.2   1140   -37.2653   300
3.9   9925.42   1170   -38.2459   300
4   9921.55   1200   -39.2266   300
4.1   9917.58   1230   -40.2073   300
4.2   9913.51   1260   -41.1879   300
4.3   9909.34   1290   -42.1686   300
4.4   9905.07   1320   -43.1493   300
4.5   9900.71   1350   -44.1299   300
4.6   9896.25   1380   -45.1106   300
4.7   9891.69   1410   -46.0913   300
4.8   9887.03   1440   -47.0719   300
4.9   9882.27   1470   -48.0526   300
5   9877.42   1500   -49.0333   300
5.1   9872.46   1530   -50.0139   300
5.2   9867.41   1560   -50.9946   300
5.3   9862.27   1590   -51.9752   300
5.4   9857.02   1620   -52.9559   300
5.5   9851.67   1650   -53.9366   300
5.6   9846.23   1680   -54.9172   300
5.7   9840.69   1710   -55.8979   300
5.8   9835.05   1740   -56.8786   300
5.9   9829.32   1770   -57.8592   300
6   9823.48   1800   -58.8399   300
6.1   9817.55   1830   -59.8206   300
6.2   9811.52   1860   -60.8012   300
6.3   9805.39   1890   -61.7819   300
6.4   9799.16   1920   -62.7626   300
6.5   9792.83   1950   -63.7432   300
6.6   9786.41   1980   -64.7239   300
6.7   9779.89   2010   -65.7046   300
6.8   9773.27   2040   -66.6852   300
6.9   9766.55   2070   -67.6659   300
7   9759.74   2100   -68.6466   300
7.1   9752.82   2130   -69.6272   300
7.2   9745.81   2160   -70.6079   300
7.3   9738.7   2190   -71.5885   300
7.4   9731.49   2220   -72.5692   300
7.5   9724.19   2250   -73.5499   300
7.6   9716.78   2280   -74.5305   300
7.7   9709.28   2310   -75.5112   300
7.8   9701.68   2340   -76.4919   300
7.9   9693.98   2370   -77.4725   300
8   9686.19   2400   -78.4532   300
8.1   9678.29   2430   -79.4339   300
8.2   9670.3   2460   -80.4145   300
8.3   9662.21   2490   -81.3952   300
8.4   9654.02   2520   -82.3759   300
8.5   9645.73   2550   -83.3565   300
8.6   9637.35   2580   -84.3372   300
8.7   9628.87   2610   -85.3179   300
8.8   9620.29   2640   -86.2985   300
8.9   9611.61   2670   -87.2792   300
9   9602.83   2700   -88.2599   300
9.1   9593.96   2730   -89.2405   300
9.2   9584.98   2760   -90.2212   300
9.3   9575.91   2790   -91.2018   300
9.4   9566.74   2820   -92.1825   300
9.5   9557.47   2850   -93.1632   300
9.6   9548.11   2880   -94.1438   300
9.7   9538.65   2910   -95.1245   300
9.8   9529.08   2940   -96.1052   300
9.9   9519.43   2970   -97.0858   300
10   9509.67   3000   -98.0665   300
10.1   9499.81   3030   -99.0472   300
10.2   9489.86   3060   -100.028   300
10.3   9479.81   3090   -101.008   300
10.4   9469.66   3120   -101.989   300
10.5   9459.41   3150   -102.97   300
10.6   9449.06   3180   -103.95   300
10.7   9438.62   3210   -104.931   300
10.8   9428.08   3240   -105.912   300
10.9   9417.44   3270   -106.892   300
11   9406.7   3300   -107.873   300
11.1   9395.86   3330   -108.854   300
11.2   9384.93   3360   -109.834   300
11.3   9373.89   3390   -110.815   300
11.4   9362.76   3420   -111.796   300
11.5   9351.54   3450   -112.776   300
11.6   9340.21   3480   -113.757   300
11.7   9328.78   3510   -114.738   300
11.8   9317.26   3540   -115.718   300
11.9   9305.64   3570   -116.699   300
12   9293.92   3600   -117.68   300
12.1   9282.1   3630   -118.66   300
12.2   9270.19   3660   -119.641   300
12.3   9258.18   3690   -120.622   300
12.4   9246.06   3720   -121.602   300
12.5   9233.86   3750   -122.583   300
12.6   9221.55   3780   -123.564   300
12.7   9209.14   3810   -124.544   300
12.8   9196.64   3840   -125.525   300
12.9   9184.04   3870   -126.506   300
13   9171.34   3900   -127.486   300
13.1   9158.54   3930   -128.467   300
13.2   9145.64   3960   -129.448   300
13.3   9132.65   3990   -130.428   300
13.4   9119.56   4020   -131.409   300
13.5   9106.37   4050   -132.39   300
13.6   9093.08   4080   -133.37   300
13.7   9079.69   4110   -134.351   300
13.8   9066.21   4140   -135.332   300
13.9   9052.63   4170   -136.312   300
14   9038.95   4200   -137.293   300
14.1   9025.17   4230   -138.274   300
14.2   9011.29   4260   -139.254   300
14.3   8997.32   4290   -140.235   300
14.4   8983.25   4320   -141.216   300
14.5   8969.08   4350   -142.196   300
14.6   8954.81   4380   -143.177   300
14.7   8940.44   4410   -144.158   300
14.8   8925.98   4440   -145.138   300
14.9   8911.41   4470   -146.119   300
15   8896.75   4500   -147.1   300
15.1   8881.99   4530   -148.08   300
15.2   8867.14   4560   -149.061   300
15.3   8852.18   4590   -150.042   300
15.4   8837.13   4620   -151.022   300
15.5   8821.98   4650   -152.003   300
15.6   8806.73   4680   -152.984   300
15.7   8791.38   4710   -153.964   300
15.8   8775.93   4740   -154.945   300
15.9   8760.39   4770   -155.926   300
16   8744.75   4800   -156.906   300
16.1   8729.01   4830   -157.887   300
16.2   8713.17   4860   -158.868   300
16.3   8697.24   4890   -159.848   300
16.4   8681.2   4920   -160.829   300
16.5   8665.07   4950   -161.81   300
16.6   8648.84   4980   -162.79   300
16.7   8632.51   5010   -163.771   300
16.8   8616.09   5040   -164.752   300
16.9   8599.56   5070   -165.732   300
17   8582.94   5100   -166.713   300
17.1   8566.22   5130   -167.694   300
17.2   8549.4   5160   -168.674   300
17.3   8532.48   5190   -169.655   300
17.4   8515.47   5220   -170.636   300
17.5   8498.36   5250   -171.616   300
17.6   8481.15   5280   -172.597   300
17.7   8463.84   5310   -173.578   300
17.8   8446.43   5340   -174.558   300
17.9   8428.93   5370   -175.539   300
18   8411.32   5400   -176.52   300
18.1   8393.62   5430   -177.5   300
18.2   8375.82   5460   -178.481   300
18.3   8357.93   5490   -179.462   300
18.4   8339.93   5520   -180.442   300
18.5   8321.84   5550   -181.423   300
18.6   8303.65   5580   -182.404   300
18.7   8285.36   5610   -183.384   300
18.8   8266.97   5640   -184.365   300
18.9   8248.48   5670   -185.346   300
19   8229.9   5700   -186.326   300
19.1   8211.22   5730   -187.307   300
19.2   8192.44   5760   -188.288   300
19.3   8173.56   5790   -189.268   300
19.4   8154.58   5820   -190.249   300
19.5   8135.51   5850   -191.23   300
19.6   8116.34   5880   -192.21   300
19.7   8097.07   5910   -193.191   300
19.8   8077.7   5940   -194.172   300
19.9   8058.23   5970   -195.152   300
20   8038.67   6000   -196.133   300
20.1   8019.01   6030   -197.114   300
20.2   7999.25   6060   -198.094   300
20.3   7979.39   6090   -199.075   300
20.4   7959.43   6120   -200.056   300
20.5   7939.38   6150   -201.036   300
20.6   7919.23   6180   -202.017   300
20.7   7898.97   6210   -202.998   300
20.8   7878.63   6240   -203.978   300
20.9   7858.18   6270   -204.959   300
21   7837.63   6300   -205.94   300
21.1   7816.99   6330   -206.92   300
21.2   7796.25   6360   -207.901   300
21.3   7775.41   6390   -208.882   300
21.4   7754.47   6420   -209.862   300
21.5   7733.44   6450   -210.843   300
21.6   7712.3   6480   -211.824   300
21.7   7691.07   6510   -212.804   300
21.8   7669.74   6540   -213.785   300
21.9   7648.32   6570   -214.766   300
22   7626.79   6600   -215.746   300
22.1   7605.17   6630   -216.727   300
22.2   7583.45   6660   -217.708   300
22.3   7561.63   6690   -218.688   300
22.4   7539.71   6720   -219.669   300
22.5   7517.69   6750   -220.65   300
22.6   7495.58   6780   -221.63   300
22.7   7473.37   6810   -222.611   300
22.8   7451.06   6840   -223.592   300
22.9   7428.65   6870   -224.572   300
23   7406.14   6900   -225.553   300
23.1   7383.54   6930   -226.534   300
23.2   7360.83   6960   -227.514   300
23.3   7338.03   6990   -228.495   300
23.4   7315.14   7020   -229.476   300
23.5   7292.14   7050   -230.456   300
23.6   7269.04   7080   -231.437   300
23.7   7245.85   7110   -232.418   300
23.8   7222.56   7140   -233.398   300
23.9   7199.17   7170   -234.379   300
24   7175.68   7200   -235.36   300
24.1   7152.1   7230   -236.34   300
24.2   7128.42   7260   -237.321   300
24.3   7104.64   7290   -238.302   300
24.4   7080.76   7320   -239.282   300
24.5   7056.78   7350   -240.263   300
24.6   7032.7   7380   -241.244   300
24.7   7008.53   7410   -242.224   300
24.8   6984.26   7440   -243.205   300
24.9   6959.89   7470   -244.186   300
25   6935.42   7500   -245.166   300
25.1   6910.86   7530   -246.147   300
25.2   6886.19   7560   -247.128   300
25.3   6861.43   7590   -248.108   300
25.4   6836.57   7620   -249.089   300
25.5   6811.61   7650   -250.07   300
25.6   6786.56   7680   -251.05   300
25.7   6761.4   7710   -252.031   300
25.8   6736.15   7740   -253.012   300
25.9   6710.8   7770   -253.992   300
26   6685.35   7800   -254.973   300
26.1   6659.81   7830   -255.954   300
26.2   6634.16   7860   -256.934   300
26.3   6608.42   7890   -257.915   300
26.4   6582.58   7920   -258.896   300
26.5   6556.64   7950   -259.876   300
26.6   6530.6   7980   -260.857   300
26.7   6504.47   8010   -261.838   300
26.8   6478.24   8040   -262.818   300
26.9   6451.9   8070   -263.799   300
27   6425.48   8100   -264.78   300
27.1   6398.95   8130   -265.76   300
27.2   6372.32   8160   -266.741   300
27.3   6345.6   8190   -267.722   300
27.4   6318.78   8220   -268.702   300
27.5   6291.86   8250   -269.683   300
27.6   6264.84   8280   -270.664   300
27.7   6237.73   8310   -271.644   300
27.8   6210.51   8340   -272.625   300
27.9   6183.2   8370   -273.606   300
28   6155.79   8400   -274.586   300
28.1   6128.29   8430   -275.567   300
28.2   6100.68   8460   -276.548   300
28.3   6072.98   8490   -277.528   300
28.4   6045.17   8520   -278.509   300
28.5   6017.27   8550   -279.49   300
28.6   5989.28   8580   -280.47   300
28.7   5961.18   8610   -281.451   300
28.8   5932.99   8640   -282.432   300
28.9   5904.69   8670   -283.412   300
29   5876.3   8700   -284.393   300
29.1   5847.82   8730   -285.374   300
29.2   5819.23   8760   -286.354   300
29.3   5790.54   8790   -287.335   300
29.4   5761.76   8820   -288.316   300
29.5   5732.88   8850   -289.296   300
29.6   5703.9   8880   -290.277   300
29.7   5674.83   8910   -291.258   300
29.8   5645.65   8940   -292.238   300
29.9   5616.38   8970   -293.219   300
30   5587.01   9000   -294.199   300
30.1   5557.54   9030   -295.18   300
30.2   5527.97   9060   -296.161   300
30.3   5498.31   9090   -297.141   300
30.4   5468.54   9120   -298.122   300
30.5   5438.68   9150   -299.103   300
30.6   5408.72   9180   -300.083   300
30.7   5378.67   9210   -301.064   300
30.8   5348.51   9240   -302.045   300
30.9   5318.26   9270   -303.025   300
31   5287.9   9300   -304.006   300
31.1   5257.46   9330   -304.987   300
31.2   5226.91   9360   -305.967   300
31.3   5196.26   9390   -306.948   300
31.4   5165.52   9420   -307.929   300
31.5   5134.68   9450   -308.909   300
31.6   5103.74   9480   -309.89   300
31.7   5072.7   9510   -310.871   300
31.8   5041.56   9540   -311.851   300
31.9   5010.33   9570   -312.832   300
32   4979   9600   -313.813   300
32.1   4947.56   9630   -314.793   300
32.2   4916.04   9660   -315.774   300
32.3   4884.41   9690   -316.755   300
32.4   4852.69   9720   -317.735   300
32.5   4820.86   9750   -318.716   300
32.6   4788.94   9780   -319.697   300
32.7   4756.92   9810   -320.677   300
32.8   4724.81   9840   -321.658   300
32.9   4692.59   9870   -322.639   300
33   4660.28   9900   -323.619   300
33.1   4627.87   9930   -324.6   300
33.2   4595.36   9960   -325.581   300
33.3   4562.75   9990   -326.561   300
33.4   4530.05   10020   -327.542   300
33.5   4497.24   10050   -328.523   300
33.6   4464.34   10080   -329.503   300
33.7   4431.34   10110   -330.484   300
33.8   4398.25   10140   -331.465   300
33.9   4365.05   10170   -332.445   300
34   4331.76   10200   -333.426   300
34.1   4298.36   10230   -334.407   300
34.2   4264.87   10260   -335.387   300
34.3   4231.29   10290   -336.368   300
34.4   4197.6   10320   -337.349   300
34.5   4163.82   10350   -338.329   300
34.6   4129.94   10380   -339.31   300
34.7   4095.96   10410   -340.291   300
34.8   4061.88   10440   -341.271   300
34.9   4027.7   10470   -342.252   300
35   3993.43   10500   -343.233   300
35.1   3959.05   10530   -344.213   300
35.2   3924.58   10560   -345.194   300
35.3   3890.02   10590   -346.175   300
35.4   3855.35   10620   -347.155   300
35.5   3820.58   10650   -348.136   300
35.6   3785.72   10680   -349.117   300
35.7   3750.76   10710   -350.097   300
35.8   3715.7   10740   -351.078   300
35.9   3680.55   10770   -352.059   300
36   3645.29   10800   -353.039   300
36.1   3609.94   10830   -354.02   300
36.2   3574.49   10860   -355.001   300
36.3   3538.94   10890   -355.981   300
36.4   3503.29   10920   -356.962   300
36.5   3467.55   10950   -357.943   300
36.6   3431.7   10980   -358.923   300
36.7   3395.76   11010   -359.904   300
36.8   3359.72   11040   -360.885   300
36.9   3323.58   11070   -361.865   300
37   3287.35   11100   -362.846   300
37.1   3251.01   11130   -363.827   300
37.2   3214.58   11160   -364.807   300
37.3   3178.05   11190   -365.788   300
37.4   3141.43   11220   -366.769   300
37.5   3104.7   11250   -367.749   300
37.6   3067.88   11280   -368.73   300
37.7   3030.95   11310   -369.711   300
37.8   2993.93   11340   -370.691   300
37.9   2956.81   11370   -371.672   300
38   2919.6   11400   -372.653   300
38.1   2882.28   11430   -373.633   300
38.2   2844.87   11460   -374.614   300
38.3   2807.36   11490   -375.595   300
38.4   2769.75   11520   -376.575   300
38.5   2732.05   11550   -377.556   300
38.6   2694.24   11580   -378.537   300
38.7   2656.34   11610   -379.517   300
38.8   2618.34   11640   -380.498   300
38.9   2580.24   11670   -381.479   300
39   2542.04   11700   -382.459   300
39.1   2503.75   11730   -383.44   300
39.2   2465.35   11760   -384.421   300
39.3   2426.86   11790   -385.401   300
39.4   2388.27   11820   -386.382   300
39.5   2349.59   11850   -387.363   300
39.6   2310.8   11880   -388.343   300
39.7   2271.92   11910   -389.324   300
39.8   2232.94   11940   -390.305   300
39.9   2193.86   11970   -391.285   300
40   2154.68   12000   -392.266   300
40.1   2115.4   12030   -393.247   300
40.2   2076.03   12060   -394.227   300
40.3   2036.56   12090   -395.208   300
40.4   1996.99   12120   -396.189   300
40.5   1957.32   12150   -397.169   300
40.6   1917.56   12180   -398.15   300
40.7   1877.69   12210   -399.131   300
40.8   1837.73   12240   -400.111   300
40.9   1797.67   12270   -401.092   300
41   1757.51   12300   -402.073   300
41.1   1717.25   12330   -403.053   300
41.2   1676.9   12360   -404.034   300
41.3   1636.45   12390   -405.015   300
41.4   1595.9   12420   -405.995   300
41.5   1555.25   12450   -406.976   300
41.6   1514.5   12480   -407.957   300
41.7   1473.66   12510   -408.937   300
41.8   1432.71   12540   -409.918   300
41.9   1391.67   12570   -410.899   300
42   1350.53   12600   -411.879   300
42.1   1309.3   12630   -412.86   300
42.2   1267.96   12660   -413.841   300
42.3   1226.53   12690   -414.821   300
42.4   1185   12720   -415.802   300
42.5   1143.37   12750   -416.783   300
42.6   1101.64   12780   -417.763   300
42.7   1059.82   12810   -418.744   300
42.8   1017.89   12840   -419.725   300
42.9   975.872   12870   -420.705   300
43   933.752   12900   -421.686   300
43.1   891.534   12930   -422.667   300
43.2   849.219   12960   -423.647   300
43.3   806.805   12990   -424.628   300
43.4   764.293   13020   -425.609   300
43.5   721.683   13050   -426.589   300
43.6   678.975   13080   -427.57   300
43.7   636.169   13110   -428.551   300
43.8   593.265   13140   -429.531   300
43.9   550.263   13170   -430.512   300
44   507.163   13200   -431.493   300
44.1   463.965   13230   -432.473   300
44.2   420.668   13260   -433.454   300
44.3   377.274   13290   -434.435   300
44.4   333.781   13320   -435.415   300
44.5   290.191   13350   -436.396   300
44.6   246.502   13380   -437.377   300
44.7   202.715   13410   -438.357   300
44.8   158.831   13440   -439.338   300
44.9   114.848   13470   -440.319   300
45   70.7669   13500   -441.299   300
45.1   26.5879   13530   -442.28   300
45.2   -17.6891   13560   -443.261   300
