Ejercicio 1.a):
x:     Integral:
-4   0
-3.9   1.64251e-005
-3.8   4.06768e-005
-3.7   7.61285e-005
-3.6   0.000127437
-3.5   0.000200958
-3.4   0.000305258
-3.3   0.000451753
-3.2   0.000655467
-3.1   0.000935932
-3   0.00131823
-2.9   0.00183414
-2.8   0.00252346
-2.7   0.0034353
-2.6   0.00462952
-2.5   0.00617799
-2.4   0.00816586
-2.3   0.0106924
-2.2   0.0138718
-2.1   0.0178327
-2   0.0227185
-1.9   0.0286849
-1.8   0.0358986
-1.7   0.0445338
-1.6   0.0547676
-1.5   0.0667755
-1.4   0.080725
-1.3   0.0967688
-1.2   0.115038
-1.1   0.135634
-1   0.158624
-0.9   0.184028
-0.8   0.211824
-0.7   0.241932
-0.6   0.274221
-0.5   0.308506
-0.4   0.344547
-0.3   0.382057
-0.2   0.420709
-0.1   0.46014
2.41474e-015   0.499968
0.1   0.539796
0.2   0.579228
0.3   0.61788
0.4   0.65539
0.5   0.691431
0.6   0.725715
0.7   0.758005
0.8   0.788113
0.9   0.815908
1   0.841313
1.1   0.864302
1.2   0.884899
1.3   0.903168
1.4   0.919212
1.5   0.933161
1.6   0.945169
1.7   0.955403
1.8   0.964038
1.9   0.971252
2   0.977218
2.1   0.982104
2.2   0.986065
2.3   0.989244
2.4   0.991771
2.5   0.993759
2.6   0.995307
2.7   0.996501
2.8   0.997413
2.9   0.998103
3   0.998618
3.1   0.999001
3.2   0.999281
3.3   0.999485
3.4   0.999631
3.5   0.999736
3.6   0.999809
3.7   0.999861
3.8   0.999896
3.9   0.99992
4   0.999937

Ejercicio 1.b):
y:   Derivada numerica:   f(y):        Error relativo:
-4   0.000164251          0.00013383   0.227309
-3.9   0.000203384          0.000198655   0.0238027
-3.8   0.000298517          0.000291947   0.0225042
-3.7   0.000433803          0.00042478   0.0212403
-3.6   0.000624147          0.000611902   0.020011
-3.5   0.000889103          0.000872683   0.0188163
-3.4   0.00125398          0.00123222   0.0176561
-3.3   0.00175104          0.00172257   0.0165302
-3.2   0.0024209          0.00238409   0.0154387
-3.1   0.0033138          0.00326682   0.0143814
-3   0.00449105          0.00443185   0.0133583
-2.9   0.00602616          0.00595253   0.0123694
-2.8   0.0080058          0.00791545   0.0114145
-2.7   0.0105303          0.0104209   0.0104937
-2.6   0.0137135          0.013583   0.00960677
-2.5   0.0176817          0.0175283   0.00875379
-2.4   0.0225722          0.0223945   0.00793468
-2.3   0.0285296          0.028327   0.00714937
-2.2   0.0357016          0.0354746   0.00639782
-2.1   0.0442334          0.0439836   0.00567999
-2   0.0542607          0.053991   0.00499583
-1.9   0.0659009          0.0656158   0.00434531
-1.8   0.0792445          0.0789502   0.00372838
-1.7   0.0943449          0.0940491   0.003145
-1.6   0.111209          0.110921   0.00259515
-1.5   0.129787          0.129518   0.00207879
-1.4   0.149966          0.149727   0.00159589
-1.3   0.171565          0.171369   0.00114641
-1.2   0.194328          0.194186   0.000730344
-1.1   0.217928          0.217852   0.000347652
-1   0.24197          0.241971   1.68446e-006
-0.9   0.266001          0.266085   0.000317687
-0.8   0.289518          0.289692   0.000600373
-0.7   0.311989          0.312254   0.000849761
-0.6   0.332869          0.333225   0.00106587
-0.5   0.351626          0.352065   0.0012487
-0.4   0.367755          0.36827   0.00139827
-0.3   0.38081          0.381388   0.0015146
-0.2   0.390418          0.391043   0.00159768
-0.1   0.396299          0.396953   0.00164752
2.22045e-016   0.398278          0.398942   0.00166413
0.1   0.396299          0.396953   0.0016475
0.2   0.390418          0.391043   0.00159764
0.3   0.38081          0.381388   0.00151455
0.4   0.367755          0.36827   0.00139822
0.5   0.351626          0.352065   0.00124864
0.6   0.332869          0.333225   0.0010658
0.7   0.311989          0.312254   0.000849702
0.8   0.289518          0.289692   0.000600324
0.9   0.266001          0.266085   0.000317656
1   0.24197          0.241971   1.67832e-006
1.1   0.217928          0.217852   0.000347626
1.2   0.194328          0.194186   0.000730279
1.3   0.171565          0.171369   0.0011463
1.4   0.149966          0.149727   0.00159572
1.5   0.129787          0.129518   0.00207857
1.6   0.111209          0.110921   0.00259487
1.7   0.0943448          0.0940491   0.00314467
1.8   0.0792445          0.0789502   0.00372799
1.9   0.0659009          0.0656158   0.00434488
2   0.0542607          0.053991   0.00499537
2.1   0.0442334          0.0439836   0.00567952
2.2   0.0357015          0.0354746   0.00639738
2.3   0.0285295          0.028327   0.00714899
2.4   0.0225722          0.0223945   0.00793441
2.5   0.0176817          0.0175283   0.00875372
2.6   0.0137135          0.013583   0.00960696
2.7   0.0105303          0.0104209   0.0104942
2.8   0.00800581          0.00791545   0.0114156
2.9   0.00602617          0.00595253   0.0123711
3   0.00449106          0.00443185   0.0133608
3.1   0.00331381          0.00326682   0.0143849
3.2   0.00242091          0.00238409   0.0154434
3.3   0.00175105          0.00172257   0.0165365
3.4   0.00125399          0.00123222   0.0176641
3.5   0.000889112          0.000872683   0.0188265
3.6   0.000624154          0.000611902   0.0200237
3.7   0.000433809          0.00042478   0.0212558
3.8   0.000298522          0.000291947   0.0225228
3.9   0.000242522          0.000198655   0.220816

Ejercicio 1.c):
h = 0.05
x:      Error:
-4     0.348088
-3.95     0.224045
-3.9     0.220792
-3.85     0.21755
-3.8     0.21432
-3.75     0.2111
-3.7     0.207892
-3.65     0.204694
-3.6     0.201508
-3.55     0.198332
-3.5     0.195167
-3.45     0.192013
-3.4     0.18887
-3.35     0.185738
-3.3     0.182616
-3.25     0.179505
-3.2     0.176405
-3.15     0.173315
-3.1     0.170236
-3.05     0.167167
-3     0.164109
-2.95     0.161061
-2.9     0.158023
-2.85     0.154996
-2.8     0.151979
-2.75     0.148972
-2.7     0.145976
-2.65     0.14299
-2.6     0.140014
-2.55     0.137048
-2.5     0.134092
-2.45     0.131146
-2.4     0.12821
-2.35     0.125284
-2.3     0.122369
-2.25     0.119462
-2.2     0.116566
-2.15     0.11368
-2.1     0.110803
-2.05     0.107936
-2     0.105079
-1.95     0.102231
-1.9     0.0993934
-1.85     0.096565
-1.8     0.0937462
-1.75     0.0909369
-1.7     0.0881371
-1.65     0.0853467
-1.6     0.0825657
-1.55     0.0797941
-1.5     0.0770319
-1.45     0.0742789
-1.4     0.0715352
-1.35     0.0688007
-1.3     0.0660755
-1.25     0.0633594
-1.2     0.0606524
-1.15     0.0579545
-1.1     0.0552657
-1.05     0.0525859
-1     0.0499151
-0.95     0.0472532
-0.9     0.0446003
-0.85     0.0419562
-0.8     0.0393211
-0.75     0.0366947
-0.7     0.0340771
-0.65     0.0314683
-0.6     0.0288682
-0.55     0.0262768
-0.5     0.0236941
-0.45     0.02112
-0.4     0.0185545
-0.35     0.0159975
-0.3     0.0134491
-0.25     0.0109092
-0.2     0.0083777
-0.15     0.00585467
-0.1     0.00334005
-0.05     0.000833793
2.22045e-016     0.00166412
0.05     0.00415373
0.1     0.00663506
0.15     0.00910815
0.2     0.011573
0.25     0.0140297
0.3     0.0164782
0.35     0.0189186
0.4     0.021351
0.45     0.0237752
0.5     0.0261914
0.55     0.0285997
0.6     0.0309999
0.65     0.0333922
0.7     0.0357766
0.75     0.0381531
0.8     0.0405218
0.85     0.0428826
0.9     0.0452356
0.95     0.0475809
1     0.0499184
1.05     0.0522483
1.1     0.0545704
1.15     0.0568849
1.2     0.0591918
1.25     0.0614911
1.3     0.0637828
1.35     0.0660669
1.4     0.0683436
1.45     0.0706128
1.5     0.0728745
1.55     0.0751288
1.6     0.0773757
1.65     0.0796152
1.7     0.0818474
1.75     0.0840723
1.8     0.0862898
1.85     0.0885001
1.9     0.0907032
1.95     0.092899
2     0.0950877
2.05     0.0972692
2.1     0.0994435
2.15     0.101611
2.2     0.103771
2.25     0.105924
2.3     0.10807
2.35     0.110209
2.4     0.112341
2.45     0.114466
2.5     0.116584
2.55     0.118696
2.6     0.1208
2.65     0.122897
2.7     0.124988
2.75     0.127072
2.8     0.129149
2.85     0.131219
2.9     0.133283
2.95     0.135339
3     0.137389
3.05     0.139433
3.1     0.141469
3.15     0.143499
3.2     0.145523
3.25     0.14754
3.3     0.14955
3.35     0.151553
3.4     0.15355
3.45     0.155541
3.5     0.157525
3.55     0.159503
3.6     0.161474
3.65     0.163439
3.7     0.165397
3.75     0.167349
3.8     0.169295
3.85     0.171234
3.9     0.173167
3.95     0.092895

h = 0.1
x:      Error:
-4     0.227309
-3.9     0.0238027
-3.8     0.0225042
-3.7     0.0212403
-3.6     0.020011
-3.5     0.0188163
-3.4     0.0176561
-3.3     0.0165302
-3.2     0.0154387
-3.1     0.0143814
-3     0.0133583
-2.9     0.0123694
-2.8     0.0114145
-2.7     0.0104937
-2.6     0.00960677
-2.5     0.00875379
-2.4     0.00793468
-2.3     0.00714937
-2.2     0.00639782
-2.1     0.00567999
-2     0.00499583
-1.9     0.00434531
-1.8     0.00372838
-1.7     0.003145
-1.6     0.00259515
-1.5     0.00207879
-1.4     0.00159589
-1.3     0.00114641
-1.2     0.000730344
-1.1     0.000347652
-1     1.68446e-006
-0.9     0.000317687
-0.8     0.000600373
-0.7     0.000849761
-0.6     0.00106587
-0.5     0.0012487
-0.4     0.00139827
-0.3     0.0015146
-0.2     0.00159768
-0.1     0.00164752
2.22045e-016     0.00166413
0.1     0.0016475
0.2     0.00159764
0.3     0.00151455
0.4     0.00139822
0.5     0.00124864
0.6     0.0010658
0.7     0.000849702
0.8     0.000600324
0.9     0.000317656
1     1.67832e-006
1.1     0.000347626
1.2     0.000730279
1.3     0.0011463
1.4     0.00159572
1.5     0.00207857
1.6     0.00259487
1.7     0.00314467
1.8     0.00372799
1.9     0.00434488
2     0.00499537
2.1     0.00567952
2.2     0.00639738
2.3     0.00714899
2.4     0.00793441
2.5     0.00875372
2.6     0.00960696
2.7     0.0104942
2.8     0.0114156
2.9     0.0123711
3     0.0133608
3.1     0.0143849
3.2     0.0154434
3.3     0.0165365
3.4     0.0176641
3.5     0.0188265
3.6     0.0200237
3.7     0.0212558
3.8     0.0225228
3.9     0.220816

h = 0.2
x:      Error:
-4     0.519717
-3.8     0.0912715
-3.6     0.0809789
-3.4     0.0712975
-3.2     0.0622182
-3     0.0537321
-2.8     0.045831
-2.6     0.0385074
-2.4     0.0317541
-2.2     0.0255647
-2     0.0199332
-1.8     0.0148542
-1.6     0.0103228
-1.4     0.0063347
-1.2     0.00288603
-1     2.64847e-005
-0.8     0.00240565
-0.6     0.00425375
-0.4     0.00557255
-0.2     0.00636332
2.22045e-016     0.00662681
0.2     0.00636329
0.4     0.0055725
0.6     0.00425369
0.8     0.00240561
1     2.64794e-005
1.2     0.00288597
1.4     0.00633454
1.6     0.0103225
1.8     0.0148538
2     0.0199327
2.2     0.0255643
2.4     0.0317538
2.6     0.0385076
2.8     0.045832
3     0.0537345
3.2     0.0622229
3.4     0.0713055
3.6     0.0809915
3.8     0.485918

h = 0.3
x:      Error:
-4     4.70697
-3.7     2.37352
-3.4     2.00028
-3.1     1.6744
-2.8     1.38949
-2.5     1.14005
-2.2     0.921368
-1.9     0.729358
-1.6     0.560512
-1.3     0.411803
-1     0.280616
-0.7     0.164696
-0.4     0.0620893
-0.1     0.0288919
0.2     0.10971
0.5     0.181632
0.8     0.245757
1.1     0.30304
1.4     0.35431
1.7     0.400289
2     0.441606
2.3     0.478808
2.6     0.512373
2.9     0.542718
3.2     0.570209
3.5     0.595166
3.8     0.409805

h = 0.4
x:      Error:
-4     8.86379
-3.6     3.89462
-3.2     2.93777
-2.8     2.18917
-2.4     1.60118
-2     1.13738
-1.6     0.769912
-1.2     0.477376
-0.8     0.243325
-0.4     0.0550798
2.22045e-016     0.0971607
0.4     0.220991
0.8     0.322313
1.2     0.405728
1.6     0.474831
2     0.532445
2.4     0.58079
2.8     0.621621
3.2     0.656329
3.6     0.47933
