t:      g:         g':       Integral:
0   0   1
0.1   0.0950042   0.900162   0.0950042
0.2   0.180064   0.801267   0.275068
0.3   0.255318   0.704163   0.530386
0.4   0.320982   0.609605   0.851368
0.5   0.377346   0.518249   1.22871
0.6   0.424758   0.430659   1.65347
0.7   0.463619   0.347309   2.11709
0.8   0.494374   0.268589   2.61146
0.9   0.517502   0.194806   3.12897
1   0.533508   0.126193   3.66247
1.1   0.542918   0.0629083   4.20539
1.2   0.54627   0.00504824   4.75166
1.3   0.54411   -0.0473537   5.29577
1.4   0.536981   -0.0943187   5.83275
1.5   0.525425   -0.135918   6.35818
1.6   0.509973   -0.172266   6.86815
1.7   0.491142   -0.203516   7.35929
1.8   0.469433   -0.229858   7.82873
1.9   0.445327   -0.251508   8.27405
2   0.41928   -0.268706   8.69333
2.1   0.391725   -0.281712   9.08506
2.2   0.363068   -0.290802   9.44813
2.3   0.333686   -0.296262   9.78181
2.4   0.303927   -0.298386   10.0857
2.5   0.27411   -0.29747   10.3598
2.6   0.244524   -0.293813   10.6044
2.7   0.215429   -0.28771   10.8198
2.8   0.187054   -0.279453   11.0069
2.9   0.159601   -0.269324   11.1665
3   0.133242   -0.257598   11.2997
3.1   0.108125   -0.244538   11.4078
3.2   0.0843707   -0.230397   11.4922
3.3   0.0620743   -0.21541   11.5543
3.4   0.0413094   -0.199801   11.5956
3.5   0.0221278   -0.183778   11.6177
3.6   0.00456112   -0.167533   11.6223
3.7   -0.0113772   -0.15124   11.6109
3.8   -0.0256906   -0.13506   11.5852
3.9   -0.0383977   -0.119135   11.5468
4   -0.0495304   -0.103593   11.4973
4.1   -0.0591327   -0.0885447   11.4381
4.2   -0.0672591   -0.0740868   11.3709
4.3   -0.0739725   -0.0603002   11.2969
4.4   -0.0793438   -0.0472523   11.2176
4.5   -0.0834494   -0.0349968   11.1341
4.6   -0.0863709   -0.0235747   11.0477
4.7   -0.0881932   -0.0130155   10.9595
4.8   -0.0890034   -0.00333735   10.8705
4.9   -0.0888903   0.00545154   10.7817
5   -0.0879428   0.0133522   10.6937
5.1   -0.0862492   0.0203741   10.6075
5.2   -0.0838967   0.026534   10.5236
5.3   -0.0809703   0.0318555   10.4426
5.4   -0.0775526   0.0363676   10.365
5.5   -0.0737227   0.0401046   10.2913
5.6   -0.0695562   0.0431046   10.2218
5.7   -0.0651249   0.0454093   10.1566
5.8   -0.0604961   0.0470629   10.0961
5.9   -0.0557325   0.0481116   10.0404
6   -0.0508924   0.0486031   9.98952
6.1   -0.0460289   0.0485857   9.94349
6.2   -0.0411906   0.0481079   9.9023
6.3   -0.036421   0.0472182   9.86588
6.4   -0.0317591   0.0459642   9.83412
6.5   -0.0272388   0.0443925   9.80688
6.6   -0.0228896   0.0425483   9.78399
6.7   -0.0187367   0.040475   9.76525
6.8   -0.0148009   0.0382141   9.75045
6.9   -0.0110988   0.0358051   9.73935
7   -0.00764357   0.0332848   9.73171
7.1   -0.00444443   0.0306879   9.72727
7.2   -0.00150747   0.0280463   9.72576
7.3   0.00116434   0.0253895   9.72692
7.4   0.00357082   0.022744   9.73049
7.5   0.00571434   0.0201341   9.73621
7.6   0.00759954   0.0175811   9.74381
7.7   0.00923308   0.0151038   9.75304
7.8   0.0106234   0.0127187   9.76366
7.9   0.0117804   0.0104397   9.77544
8   0.0127152   0.0082782   9.78816
8.1   0.0134402   0.00624372   9.8016
8.2   0.0139685   0.00434349   9.81557
8.3   0.0143136   0.00258278   9.82988
8.4   0.0144898   0.00096507   9.84437
8.5   0.0145114   -0.000507871   9.85888
8.6   0.0143931   -0.00183581   9.87328
8.7   0.0141491   -0.00301993   9.88743
8.8   0.0137938   -0.00406265   9.90122
8.9   0.0133411   -0.00496751   9.91456
9   0.0128047   -0.00573903   9.92737
9.1   0.0121976   -0.00638257   9.93956
9.2   0.0115323   -0.00690417   9.95109
9.3   0.0108206   -0.00731049   9.96192
9.4   0.0100738   -0.00760863   9.97199
9.5   0.00930225   -0.00780606   9.98129
9.6   0.00851568   -0.00791047   9.98981
9.7   0.007723   -0.00792974   9.99753
9.8   0.00693231   -0.00787177   10.0045
9.9   0.00615095   -0.00774447   10.0106
10   0.00538547   -0.00755565   10.016
10.1   0.00464162   -0.00731295   10.0206
10.2   0.00392442   -0.00702382   10.0246
10.3   0.00323816   -0.00669541   10.0278
10.4   0.00258642   -0.0063346   10.0304
10.5   0.00197211   -0.00594789   10.0324
10.6   0.0013975   -0.00554143   10.0338
10.7   0.000864286   -0.00512095   10.0346
10.8   0.000373597   -0.0046918   10.035
10.9   -7.39494e-005   -0.00425888   10.0349
11   -0.000478203   -0.00382665   10.0344
11.1   -0.00083944   -0.00339918   10.0336
11.2   -0.00115832   -0.00298006   10.0324
11.3   -0.00143584   -0.0025725   10.031
11.4   -0.0016733   -0.00217925   10.0293
11.5   -0.00187225   -0.00180271   10.0275
11.6   -0.00203446   -0.00144486   10.0254
11.7   -0.0021619   -0.00110733   10.0233
11.8   -0.00225665   -0.000791387   10.021
11.9   -0.00232093   -0.000497986   10.0187
12   -0.00235702   -0.00022777   10.0163
12.1   -0.00236727   1.88965e-005   10.014
12.2   -0.00235403   0.00024191   10.0116
12.3   -0.00231967   0.000441401   10.0093
12.4   -0.00226652   0.000617711   10.007
12.5   -0.00219688   0.00077137   10.0048
12.6   -0.00211298   0.000903071   10.0027
12.7   -0.00201697   0.00101365   10.0007
12.8   -0.00191092   0.00110407   9.99879
12.9   -0.0017968   0.00117539   9.99699
13   -0.00167644   0.00122875   9.99532
13.1   -0.00155161   0.00126534   9.99376
13.2   -0.00142389   0.00128642   9.99234
13.3   -0.0012948   0.00129326   9.99105
13.4   -0.00116567   0.00128716   9.98988
13.5   -0.00103775   0.0012694   9.98884
13.6   -0.000912139   0.00124125   9.98793
13.7   -0.000789806   0.00120399   9.98714
13.8   -0.000671605   0.00115882   9.98647
13.9   -0.000558267   0.00110693   9.98591
14   -0.000450405   0.00104945   9.98546
14.1   -0.000348526   0.00098747   9.98511
14.2   -0.000253028   0.000921995   9.98486
14.3   -0.000164211   0.000853984   9.98469
14.4   -8.22855e-005   0.000784325   9.98461
14.5   -7.3736e-006   0.000713838   9.98461
14.6   6.04796e-005   0.00064327   9.98467
14.7   0.000121301   0.000573302   9.98479
14.8   0.00017518   0.000504541   9.98496
14.9   0.000222267   0.000437526   9.98518
15   0.00026276   0.000372728   9.98545
15.1   0.0002969   0.000310553   9.98574
15.2   0.000324969   0.000251341   9.98607
15.3   0.000347277   0.000195374   9.98642
15.4   0.00036416   0.000142876   9.98678
15.5   0.000375973   9.40148e-005   9.98716
15.6   0.000383088   4.89096e-005   9.98754
15.7   0.000385883   7.6316e-006   9.98793
15.8   0.000384743   -2.97908e-005   9.98831
15.9   0.000380053   -6.33688e-005   9.98869
16   0.000372196   -9.31488e-005   9.98906
16.1   0.000361548   -0.000119209   9.98942
16.2   0.000348475   -0.000141656   9.98977
16.3   0.000333332   -0.00016062   9.99011
16.4   0.000316462   -0.000176252   9.99042
16.5   0.000298187   -0.000188721   9.99072
16.6   0.000278817   -0.000198208   9.991
16.7   0.000258639   -0.000204909   9.99126
16.8   0.000237921   -0.000209023   9.9915
16.9   0.000216913   -0.000210758   9.99171
17   0.000195842   -0.000210324   9.99191
17.1   0.000174914   -0.000207932   9.99208
17.2   0.000154314   -0.00020379   9.99224
17.3   0.000134207   -0.000198105   9.99237
17.4   0.000114738   -0.000191077   9.99249
17.5   9.60303e-005   -0.0001829   9.99258
17.6   7.81899e-005   -0.000173763   9.99266
17.7   6.13037e-005   -0.000163844   9.99272
17.8   4.54416e-005   -0.00015331   9.99277
17.9   3.06569e-005   -0.000142321   9.9928
18   1.69876e-005   -0.000131025   9.99282
18.1   4.45758e-006   -0.000119557   9.99282
18.2   -6.92241e-006   -0.000108045   9.99281
18.3   -1.71536e-005   -9.66e-005   9.9928
18.4   -2.62481e-005   -8.5326e-005   9.99277
18.5   -3.42276e-005   -7.43136e-005   9.99274
18.6   -4.11223e-005   -6.36426e-005   9.99269
18.7   -4.69698e-005   -5.33819e-005   9.99265
18.8   -5.18143e-005   -4.359e-005   9.9926
18.9   -5.57051e-005   -3.43155e-005   9.99254
19   -5.8696e-005   -2.55973e-005   9.99248
19.1   -6.08441e-005   -1.74654e-005   9.99242
19.2   -6.22093e-005   -9.94126e-006   9.99236
19.3   -6.28531e-005   -3.0386e-006   9.99229
19.4   -6.2838e-005   3.23607e-006   9.99223
19.5   -6.22268e-005   8.88286e-006   9.99217
19.6   -6.10822e-005   1.39078e-005   9.99211
19.7   -5.94656e-005   1.83224e-005   9.99205
19.8   -5.74375e-005   2.21426e-005   9.99199
19.9   -5.50563e-005   2.53887e-005   9.99194
20   -5.23781e-005   2.80846e-005   9.99188
20.1   -4.94568e-005   3.02568e-005   9.99183
20.2   -4.63432e-005   3.19346e-005   9.99179
20.3   -4.30853e-005   3.31492e-005   9.99175
20.4   -3.97278e-005   3.39329e-005   9.99171
20.5   -3.6312e-005   3.43195e-005   9.99167
20.6   -3.2876e-005   3.43429e-005   9.99164
20.7   -2.94544e-005   3.40375e-005   9.99161
20.8   -2.60783e-005   3.34376e-005   9.99158
20.9   -2.27755e-005   3.25768e-005   9.99156
21   -1.95705e-005   3.14882e-005   9.99154
21.1   -1.64844e-005   3.02038e-005   9.99152
21.2   -1.35353e-005   2.87544e-005   9.99151
21.3   -1.07381e-005   2.71695e-005   9.9915
21.4   -8.10494e-006   2.54772e-005   9.99149
21.5   -5.64533e-006   2.37036e-005   9.99148
21.6   -3.36611e-006   2.18734e-005   9.99148
21.7   -1.27177e-006   2.00094e-005   9.99148
21.8   6.35351e-007   1.81326e-005   9.99148
21.9   2.35495e-006   1.62619e-005   9.99148
22   3.88851e-006   1.44146e-005   9.99149
22.1   5.23917e-006   1.26061e-005   9.99149
22.2   6.41147e-006   1.08498e-005   9.9915
22.3   7.41126e-006   9.15743e-006   9.99151
22.4   8.24543e-006   7.53908e-006   9.99151
22.5   8.92182e-006   6.00305e-006   9.99152
22.6   9.44901e-006   4.55611e-006   9.99153
22.7   9.83619e-006   3.20354e-006   9.99154
22.8   1.0093e-005   1.94923e-006   9.99155
22.9   1.02294e-005   7.95745e-007   9.99156
23   1.02556e-005   -2.55536e-007   9.99157
23.1   1.01817e-005   -1.20434e-006   9.99158
23.2   1.00181e-005   -2.05141e-006   9.99159
23.3   9.77477e-006   -2.79836e-006   9.9916
23.4   9.46167e-006   -3.44763e-006   9.99161
23.5   9.0884e-006   -4.00232e-006   9.99162
23.6   8.66423e-006   -4.46617e-006   9.99163
23.7   8.19805e-006   -4.84342e-006   9.99164
23.8   7.69828e-006   -5.13872e-006   9.99165
23.9   7.17287e-006   -5.35705e-006   9.99165
24   6.62926e-006   -5.50367e-006   9.99166
24.1   6.07435e-006   -5.584e-006   9.99167
24.2   5.51449e-006   -5.6036e-006   9.99167
24.3   4.95547e-006   -5.56805e-006   9.99168
24.4   4.40253e-006   -5.48294e-006   9.99168
24.5   3.86035e-006   -5.35379e-006   9.99168
24.6   3.33306e-006   -5.18603e-006   9.99169
24.7   2.82425e-006   -4.98493e-006   9.99169
24.8   2.33701e-006   -4.75556e-006   9.99169
24.9   1.87392e-006   -4.5028e-006   9.99169
25   1.43708e-006   -4.23129e-006   9.9917
25.1   1.02814e-006   -3.94537e-006   9.9917
25.2   6.48347e-007   -3.64915e-006   9.9917
25.3   2.98528e-007   -3.34643e-006   9.9917
25.4   -2.08393e-008   -3.04069e-006   9.9917
25.5   -3.09617e-007   -2.73514e-006   9.9917
25.6   -5.6797e-007   -2.43265e-006   9.9917
25.7   -7.96336e-007   -2.13582e-006   9.9917
25.8   -9.954e-007   -1.84693e-006   9.9917
25.9   -1.16605e-006   -1.56797e-006   9.99169
26   -1.30938e-006   -1.30065e-006   9.99169
26.1   -1.42662e-006   -1.0464e-006   9.99169
26.2   -1.51914e-006   -8.06394e-007   9.99169
26.3   -1.58841e-006   -5.81561e-007   9.99169
26.4   -1.63598e-006   -3.72594e-007   9.99169
26.5   -1.66347e-006   -1.79971e-007   9.99168
26.6   -1.67253e-006   -3.96624e-009   9.99168
26.7   -1.66482e-006   1.55327e-007   9.99168
26.8   -1.64202e-006   2.97984e-007   9.99168
26.9   -1.60577e-006   4.24233e-007   9.99168
27   -1.55771e-006   5.34434e-007   9.99168
27.1   -1.4994e-006   6.29066e-007   9.99168
27.2   -1.43239e-006   7.08711e-007   9.99167
27.3   -1.35814e-006   7.74038e-007   9.99167
27.4   -1.27804e-006   8.25789e-007   9.99167
27.5   -1.19341e-006   8.64763e-007   9.99167
27.6   -1.10548e-006   8.91806e-007   9.99167
27.7   -1.01541e-006   9.07796e-007   9.99167
27.8   -9.24263e-007   9.13633e-007   9.99167
27.9   -8.32997e-007   9.10227e-007   9.99167
28   -7.42495e-007   8.9849e-007   9.99167
28.1   -6.53546e-007   8.79327e-007   9.99166
28.2   -5.66847e-007   8.53627e-007   9.99166
28.3   -4.8301e-007   8.22256e-007   9.99166
28.4   -4.02557e-007   7.86052e-007   9.99166
28.5   -3.25933e-007   7.45819e-007   9.99166
28.6   -2.53502e-007   7.02323e-007   9.99166
28.7   -1.85553e-007   6.56289e-007   9.99166
28.8   -1.22306e-007   6.08395e-007   9.99166
28.9   -6.3915e-008   5.59274e-007   9.99166
29   -1.04727e-008   5.0951e-007   9.99166
29.1   3.79834e-008   4.59636e-007   9.99166
29.2   8.14672e-008   4.10139e-007   9.99166
29.3   1.20038e-007   3.61452e-007   9.99166
29.4   1.53798e-007   3.13961e-007   9.99166
29.5   1.82882e-007   2.68005e-007   9.99166
29.6   2.0746e-007   2.23873e-007   9.99166
29.7   2.27726e-007   1.81813e-007   9.99166
29.8   2.43898e-007   1.42026e-007   9.99166
29.9   2.56212e-007   1.04675e-007   9.99166
30   2.64918e-007   6.98836e-008   9.99166
30.1   2.70277e-007   3.77382e-008   9.99166
30.2   2.72556e-007   8.29307e-009   9.99166
30.3   2.72027e-007   -1.84289e-008   9.99166
30.4   2.68961e-007   -4.24326e-008   9.99167
30.5   2.6363e-007   -6.37487e-008   9.99167
30.6   2.56299e-007   -8.24301e-008   9.99167
30.7   2.47229e-007   -9.855e-008   9.99167
30.8   2.36672e-007   -1.12199e-007   9.99167
30.9   2.24868e-007   -1.23482e-007   9.99167
31   2.1205e-007   -1.32517e-007   9.99167
31.1   1.98436e-007   -1.39433e-007   9.99167
31.2   1.8423e-007   -1.44364e-007   9.99167
31.3   1.69624e-007   -1.47454e-007   9.99167
31.4   1.54796e-007   -1.48848e-007   9.99167
31.5   1.39906e-007   -1.48693e-007   9.99167
31.6   1.25104e-007   -1.4714e-007   9.99167
31.7   1.1052e-007   -1.44335e-007   9.99167
31.8   9.62734e-008   -1.40425e-007   9.99167
31.9   8.24672e-008   -1.35552e-007   9.99167
32   6.91906e-008   -1.29853e-007   9.99167
32.1   5.65196e-008   -1.23462e-007   9.99167
32.2   4.4517e-008   -1.16506e-007   9.99167
32.3   3.32333e-008   -1.09103e-007   9.99167
32.4   2.27074e-008   -1.01368e-007   9.99167
32.5   1.29672e-008   -9.34051e-008   9.99167
32.6   4.03069e-009   -8.53117e-008   9.99167
32.7   -4.09375e-009   -7.71773e-008   9.99167
32.8   -1.14061e-008   -6.90832e-008   9.99167
32.9   -1.79142e-008   -6.11025e-008   9.99167
33   -2.36326e-008   -5.33002e-008   9.99167
33.1   -2.85821e-008   -4.57337e-008   9.99167
33.2   -3.27889e-008   -3.84523e-008   9.99167
33.3   -3.62835e-008   -3.14983e-008   9.99167
33.4   -3.91006e-008   -2.49065e-008   9.99167
33.5   -4.12778e-008   -1.87051e-008   9.99167
33.6   -4.28554e-008   -1.29161e-008   9.99167
33.7   -4.38753e-008   -7.55515e-009   9.99167
33.8   -4.4381e-008   -2.63252e-009   9.99167
33.9   -4.44166e-008   1.84669e-009   9.99167
34   -4.40265e-008   5.88208e-009   9.99167
34.1   -4.32549e-008   9.47753e-009   9.99167
34.2   -4.21454e-008   1.26407e-008   9.99167
34.3   -4.07408e-008   1.53827e-008   9.99167
34.4   -3.90825e-008   1.77175e-008   9.99167
34.5   -3.72103e-008   1.96616e-008   9.99167
34.6   -3.51626e-008   2.12338e-008   9.99167
34.7   -3.29753e-008   2.24544e-008   9.99167
34.8   -3.06827e-008   2.33454e-008   9.99167
34.9   -2.83164e-008   2.39297e-008   9.99167
35   -2.59062e-008   2.42308e-008   9.99167
35.1   -2.34789e-008   2.42728e-008   9.99167
35.2   -2.10594e-008   2.40801e-008   9.99167
35.3   -1.86699e-008   2.36767e-008   9.99167
35.4   -1.63303e-008   2.30866e-008   9.99167
35.5   -1.40581e-008   2.23332e-008   9.99167
35.6   -1.18684e-008   2.1439e-008   9.99167
35.7   -9.7742e-009   2.04262e-008   9.99167
35.8   -7.78639e-009   1.93155e-008   9.99167
35.9   -5.91371e-009   1.81268e-008   9.99167
36   -4.16301e-009   1.68789e-008   9.99167
36.1   -2.53932e-009   1.55892e-008   9.99167
36.2   -1.046e-009   1.42741e-008   9.99167
36.3   3.1515e-010   1.29484e-008   9.99167
36.4   1.54378e-009   1.16257e-008   9.99167
36.5   2.64081e-009   1.03184e-008   9.99167
36.6   3.60833e-009   9.03731e-009   9.99167
36.7   4.44947e-009   7.79224e-009   9.99167
36.8   5.16826e-009   6.59157e-009   9.99167
36.9   5.76951e-009   5.44248e-009   9.99167
37   6.25868e-009   4.35098e-009   9.99167
37.1   6.64179e-009   3.32199e-009   9.99167
37.2   6.92529e-009   2.35934e-009   9.99167
37.3   7.11597e-009   1.46585e-009   9.99167
37.4   7.22083e-009   6.4346e-010   9.99167
37.5   7.24707e-009   -1.06791e-010   9.99167
37.6   7.20189e-009   -7.8463e-010   9.99167
37.7   7.09254e-009   -1.3905e-009   9.99167
37.8   6.92616e-009   -1.9255e-009   9.99167
37.9   6.70975e-009   -2.39128e-009   9.99167
38   6.45014e-009   -2.78999e-009   9.99167
38.1   6.1539e-009   -3.12424e-009   9.99167
38.2   5.82734e-009   -3.39697e-009   9.99167
38.3   5.47645e-009   -3.61144e-009   9.99167
38.4   5.10688e-009   -3.77117e-009   9.99167
38.5   4.72392e-009   -3.87984e-009   9.99167
38.6   4.33248e-009   -3.94128e-009   9.99167
38.7   3.93711e-009   -3.9594e-009   9.99167
38.8   3.54192e-009   -3.93814e-009   9.99167
38.9   3.15066e-009   -3.88146e-009   9.99167
39   2.76667e-009   -3.79327e-009   9.99167
39.1   2.39293e-009   -3.67741e-009   9.99167
39.2   2.03199e-009   -3.5376e-009   9.99167
39.3   1.68608e-009   -3.37747e-009   9.99167
39.4   1.35706e-009   -3.20045e-009   9.99167
39.5   1.04644e-009   -3.00985e-009   9.99167
39.6   7.55438e-010   -2.80877e-009   9.99167
39.7   4.84941e-010   -2.60012e-009   9.99167
39.8   2.35575e-010   -2.3866e-009   9.99167
39.9   7.69864e-012   -2.17071e-009   9.99167
40   -1.98565e-010   -1.95473e-009   9.99167
40.1   -3.83313e-010   -1.74071e-009   9.99167
40.2   -5.46834e-010   -1.5305e-009   9.99167
40.3   -6.89595e-010   -1.32575e-009   9.99167
40.4   -8.12214e-010   -1.12788e-009   9.99167
40.5   -9.15441e-010   -9.38107e-010   9.99167
40.6   -1.00014e-009   -7.57478e-010   9.99167
40.7   -1.06727e-009   -5.86836e-010   9.99167
40.8   -1.11786e-009   -4.26853e-010   9.99167
40.9   -1.15301e-009   -2.78035e-010   9.99167
41   -1.17385e-009   -1.40736e-010   9.99167
41.1   -1.18155e-009   -1.51638e-011   9.99167
41.2   -1.17728e-009   9.86024e-011   9.99167
41.3   -1.16222e-009   2.00605e-010   9.99167
41.4   -1.13755e-009   2.90993e-010   9.99167
41.5   -1.1044e-009   3.70013e-010   9.99167
41.6   -1.06391e-009   4.37995e-010   9.99167
41.7   -1.01716e-009   4.95343e-010   9.99167
41.8   -9.65184e-010   5.42523e-010   9.99167
41.9   -9.08977e-010   5.80056e-010   9.99167
42   -8.49476e-010   6.08501e-010   9.99167
42.1   -7.8756e-010   6.28453e-010   9.99167
42.2   -7.24048e-010   6.40532e-010   9.99167
42.3   -6.59695e-010   6.4537e-010   9.99167
42.4   -5.95194e-010   6.43612e-010   9.99167
42.5   -5.31171e-010   6.35901e-010   9.99167
42.6   -4.6819e-010   6.22878e-010   9.99167
42.7   -4.06752e-010   6.05171e-010   9.99167
42.8   -3.47292e-010   5.83396e-010   9.99167
42.9   -2.90188e-010   5.58145e-010   9.99167
43   -2.3576e-010   5.2999e-010   9.99167
43.1   -1.84269e-010   4.99475e-010   9.99167
43.2   -1.35926e-010   4.67115e-010   9.99167
43.3   -9.0891e-011   4.33393e-010   9.99167
43.4   -4.92775e-011   3.98759e-010   9.99167
43.5   -1.11555e-011   3.6363e-010   9.99167
43.6   2.34447e-011   3.28386e-010   9.99167
43.7   5.45294e-011   2.93373e-010   9.99167
43.8   8.21376e-011   2.58903e-010   9.99167
43.9   1.06337e-010   2.25251e-010   9.99167
44   1.27223e-010   1.9266e-010   9.99167
44.1   1.44912e-010   1.61339e-010   9.99167
44.2   1.59539e-010   1.31464e-010   9.99167
44.3   1.71258e-010   1.03182e-010   9.99167
44.4   1.80233e-010   7.66104e-011   9.99167
44.5   1.8664e-010   5.18389e-011   9.99167
44.6   1.90663e-010   2.89319e-011   9.99167
44.7   1.9249e-010   7.92963e-012   9.99167
44.8   1.92313e-010   -1.11494e-011   9.99167
44.9   1.90324e-010   -2.83068e-011   9.99167
45   1.86715e-010   -4.35623e-011   9.99167
45.1   1.81674e-010   -5.69519e-011   9.99167
45.2   1.75385e-010   -6.85257e-011   9.99167
45.3   1.68027e-010   -7.83466e-011   9.99167
45.4   1.59772e-010   -8.6488e-011   9.99167
45.5   1.50783e-010   -9.30322e-011   9.99167
45.6   1.41216e-010   -9.80691e-011   9.99167
45.7   1.31216e-010   -1.01694e-010   9.99167
45.8   1.20921e-010   -1.04007e-010   9.99167
45.9   1.10455e-010   -1.05112e-010   9.99167
46   9.99351e-011   -1.05111e-010   9.99167
46.1   8.94661e-011   -1.04111e-010   9.99167
46.2   7.91427e-011   -1.02217e-010   9.99167
46.3   6.90491e-011   -9.95306e-011   9.99167
46.4   5.92596e-011   -9.61537e-011   9.99167
46.5   4.98382e-011   -9.21839e-011   9.99167
46.6   4.08394e-011   -8.77153e-011   9.99167
46.7   3.23087e-011   -8.28379e-011   9.99167
46.8   2.42826e-011   -7.76371e-011   9.99167
46.9   1.67894e-011   -7.21929e-011   9.99167
47   9.84962e-012   -6.65804e-011   9.99167
47.1   3.47659e-012   -6.08689e-011   9.99167
47.2   -2.32301e-012   -5.51222e-011   9.99167
47.3   -7.54863e-012   -4.93983e-011   9.99167
47.4   -1.22052e-011   -4.37493e-011   9.99167
47.5   -1.63026e-011   -3.8222e-011   9.99167
47.6   -1.9855e-011   -3.28572e-011   9.99167
47.7   -2.28806e-011   -2.76905e-011   9.99167
47.8   -2.54007e-011   -2.27522e-011   9.99167
47.9   -2.74395e-011   -1.80675e-011   9.99167
48   -2.90234e-011   -1.36568e-011   9.99167
48.1   -3.01805e-011   -9.536e-012   9.99167
48.2   -3.09406e-011   -5.71667e-012   9.99167
48.3   -3.13342e-011   -2.20644e-012   9.99167
48.4   -3.13924e-011   9.90724e-013   9.99167
48.5   -3.11465e-011   3.87422e-012   9.99167
48.6   -3.06279e-011   6.44647e-012   9.99167
48.7   -2.98674e-011   8.71265e-012   9.99167
48.8   -2.88953e-011   1.06803e-011   9.99167
48.9   -2.7741e-011   1.23592e-011   9.99167
49   -2.64327e-011   1.37608e-011   9.99167
49.1   -2.49976e-011   1.48982e-011   9.99167
49.2   -2.34614e-011   1.57857e-011   9.99167
49.3   -2.18483e-011   1.64386e-011   9.99167
49.4   -2.0181e-011   1.68731e-011   9.99167
49.5   -1.84804e-011   1.71058e-011   9.99167
49.6   -1.6766e-011   1.71537e-011   9.99167
49.7   -1.50553e-011   1.7034e-011   9.99167
49.8   -1.33642e-011   1.67637e-011   9.99167
49.9   -1.1707e-011   1.63597e-011   9.99167
50   -1.00962e-011   1.58386e-011   9.99167
50.1   -8.54266e-012   1.52165e-011   9.99167
50.2   -7.05574e-012   1.45089e-011   9.99167
50.3   -5.64323e-012   1.37307e-011   9.99167
50.4   -4.31148e-012   1.2896e-011   9.99167
50.5   -3.06547e-012   1.20181e-011   9.99167
50.6   -1.90889e-012   1.11095e-011   9.99167
50.7   -8.44216e-013   1.01817e-011   9.99167
50.8   1.27166e-013   9.24536e-012   9.99167
50.9   1.0049e-012   8.31025e-012   9.99167
51   1.78955e-012   7.3851e-012   9.99167
51.1   2.48252e-012   6.47778e-012   9.99167
51.2   3.08593e-012   5.5952e-012   9.99167
51.3   3.60259e-012   4.74342e-012   9.99167
51.4   4.03582e-012   3.92758e-012   9.99167
51.5   4.38945e-012   3.15205e-012   9.99167
51.6   4.66769e-012   2.42034e-012   9.99167
51.7   4.87507e-012   1.73525e-012   9.99167
51.8   5.01636e-012   1.09885e-012   9.99167
51.9   5.09651e-012   5.1257e-013   9.99167
52   5.12058e-012   -2.27942e-014   9.99167
52.1   5.09366e-012   -5.06995e-013   9.99167
52.2   5.02088e-012   -9.40297e-013   9.99167
52.3   4.90728e-012   -1.32342e-012   9.99167
52.4   4.75783e-012   -1.65751e-012   9.99167
52.5   4.57736e-012   -1.94404e-012   9.99167
52.6   4.37055e-012   -2.18482e-012   9.99167
52.7   4.14185e-012   -2.38191e-012   9.99167
52.8   3.89554e-012   -2.5376e-012   9.99167
52.9   3.63563e-012   -2.65435e-012   9.99167
53   3.36589e-012   -2.73474e-012   9.99167
53.1   3.08981e-012   -2.78149e-012   9.99167
53.2   2.81062e-012   -2.79734e-012   9.99167
53.3   2.53128e-012   -2.78508e-012   9.99167
53.4   2.25445e-012   -2.7475e-012   9.99167
53.5   1.98253e-012   -2.68738e-012   9.99167
53.6   1.71763e-012   -2.60743e-012   9.99167
53.7   1.46161e-012   -2.51029e-012   9.99167
53.8   1.21606e-012   -2.39853e-012   9.99167
53.9   9.82312e-013   -2.2746e-012   9.99167
54   7.61468e-013   -2.14083e-012   9.99167
54.1   5.544e-013   -1.99944e-012   9.99167
54.2   3.61766e-013   -1.85249e-012   9.99167
54.3   1.84023e-013   -1.70191e-012   9.99167
54.4   2.14448e-014   -1.54948e-012   9.99167
54.5   -1.25866e-013   -1.39682e-012   9.99167
54.6   -2.57961e-013   -1.24541e-012   9.99167
54.7   -3.75033e-013   -1.09656e-012   9.99167
54.8   -4.77399e-013   -9.51454e-013   9.99167
54.9   -5.65483e-013   -8.11108e-013   9.99167
55   -6.39809e-013   -6.76406e-013   9.99167
55.1   -7.00978e-013   -5.48091e-013   9.99167
55.2   -7.49661e-013   -4.26775e-013   9.99167
55.3   -7.86583e-013   -3.12946e-013   9.99167
55.4   -8.12512e-013   -2.06974e-013   9.99167
55.5   -8.28248e-013   -1.09118e-013   9.99167
55.6   -8.34612e-013   -1.95368e-014   9.99167
55.7   -8.32434e-013   6.17053e-014   9.99167
55.8   -8.22548e-013   1.34629e-013   9.99167
55.9   -8.05782e-013   1.99334e-013   9.99167
56   -7.8295e-013   2.55986e-013   9.99167
56.1   -7.54846e-013   3.04812e-013   9.99167
56.2   -7.22239e-013   3.46094e-013   9.99167
56.3   -6.85868e-013   3.80157e-013   9.99167
56.4   -6.46437e-013   4.07363e-013   9.99167
56.5   -6.04611e-013   4.28107e-013   9.99167
56.6   -5.61017e-013   4.42806e-013   9.99167
56.7   -5.16237e-013   4.51897e-013   9.99167
56.8   -4.70809e-013   4.55825e-013   9.99167
56.9   -4.25229e-013   4.55046e-013   9.99167
57   -3.79942e-013   4.50013e-013   9.99167
57.1   -3.35353e-013   4.41181e-013   9.99167
57.2   -2.91818e-013   4.28995e-013   9.99167
57.3   -2.49651e-013   4.13889e-013   9.99167
57.4   -2.09123e-013   3.96285e-013   9.99167
57.5   -1.70464e-013   3.76589e-013   9.99167
57.6   -1.33862e-013   3.55186e-013   9.99167
57.7   -9.9471e-014   3.32442e-013   9.99167
57.8   -6.74069e-014   3.08702e-013   9.99167
57.9   -3.77531e-014   2.84286e-013   9.99167
58   -1.05622e-014   2.5949e-013   9.99167
58.1   1.41415e-014   2.34587e-013   9.99167
58.2   3.63599e-014   2.09823e-013   9.99167
58.3   5.61182e-014   1.8542e-013   9.99167
58.4   7.34626e-014   1.61577e-013   9.99167
58.5   8.84581e-014   1.38466e-013   9.99167
58.6   1.01185e-013   1.16238e-013   9.99167
58.7   1.11739e-013   9.50203e-014   9.99167
58.8   1.20227e-013   7.4918e-014   9.99167
58.9   1.26763e-013   5.60163e-014   9.99167
59   1.31472e-013   3.83808e-014   9.99167
59.1   1.34483e-013   2.20585e-014   9.99167
59.2   1.35929e-013   7.07981e-015   9.99167
59.3   1.35944e-013   -6.54082e-015   9.99167
59.4   1.34666e-013   -1.88031e-014   9.99167
59.5   1.32229e-013   -2.97196e-014   9.99167
59.6   1.28766e-013   -3.93148e-014   9.99167
59.7   1.24409e-013   -4.7623e-014   9.99167
59.8   1.19283e-013   -5.46878e-014   9.99167
59.9   1.13511e-013   -6.05603e-014   9.99167
60   1.07209e-013   -6.52981e-014   9.99167
60.1   1.00487e-013   -6.89642e-014   9.99167
60.2   9.34494e-014   -7.16256e-014   9.99167
60.3   8.6193e-014   -7.33528e-014   9.99167
60.4   7.88075e-014   -7.42181e-014   9.99167
60.5   7.13756e-014   -7.42954e-014   9.99167
60.6   6.39723e-014   -7.36589e-014   9.99167
60.7   5.66652e-014   -7.23826e-014   9.99167
60.8   4.95146e-014   -7.05396e-014   9.99167
60.9   4.25737e-014   -6.82012e-014   9.99167
61   3.58886e-014   -6.54368e-014   9.99167
61.1   2.94984e-014   -6.23133e-014   9.99167
61.2   2.34358e-014   -5.88946e-014   9.99167
61.3   1.77272e-014   -5.52412e-014   9.99167
61.4   1.23934e-014   -5.14102e-014   9.99167
61.5   7.44934e-015   -4.7455e-014   9.99167
61.6   2.90491e-015   -4.34249e-014   9.99167
61.7   -1.23468e-015   -3.93654e-014   9.99167
61.8   -4.96859e-015   -3.5318e-014   9.99167
61.9   -8.29993e-015   -3.13199e-014   9.99167
62   -1.12353e-014   -2.74045e-014   9.99167
62.1   -1.37846e-014   -2.36011e-014   9.99167
62.2   -1.59601e-014   -1.99352e-014   9.99167
62.3   -1.77769e-014   -1.64286e-014   9.99167
62.4   -1.92518e-014   -1.30996e-014   9.99167
62.5   -2.04033e-014   -9.96274e-015   9.99167
62.6   -2.12512e-014   -7.02969e-015   9.99167
62.7   -2.18163e-014   -4.30892e-015   9.99167
62.8   -2.21202e-014   -1.80609e-015   9.99167
62.9   -2.21849e-014   4.75741e-016   9.99167
63   -2.20325e-014   2.5359e-015   9.99167
63.1   -2.1685e-014   4.3759e-015   9.99167
63.2   -2.11645e-014   5.99919e-015   9.99167
63.3   -2.04923e-014   7.41096e-015   9.99167
63.4   -1.96891e-014   8.61792e-015   9.99167
63.5   -1.87752e-014   9.62808e-015   9.99167
63.6   -1.77698e-014   1.04506e-014   9.99167
63.7   -1.66911e-014   1.10954e-014   9.99167
63.8   -1.55563e-014   1.15734e-014   9.99167
63.9   -1.43816e-014   1.18958e-014   9.99167
64   -1.31819e-014   1.20745e-014   9.99167
64.1   -1.19711e-014   1.21213e-014   9.99167
64.2   -1.07616e-014   1.20485e-014   9.99167
64.3   -9.56495e-015   1.1868e-014   9.99167
64.4   -8.39121e-015   1.15918e-014   9.99167
64.5   -7.24938e-015   1.12317e-014   9.99167
64.6   -6.14728e-015   1.07991e-014   9.99167
64.7   -5.09161e-015   1.0305e-014   9.99167
64.8   -4.08798e-015   9.75987e-015   9.99167
64.9   -3.141e-015   9.17384e-015   9.99167
65   -2.25426e-015   8.55636e-015   9.99167
65.1   -1.43048e-015   7.91627e-015   9.99167
65.2   -6.71484e-016   7.26183e-015   9.99167

Integral con error menor de 1e-030:
9.99167
