0 8.254e+223
1 -5.50267e+223
2 9.17112e+222
3 1.22282e+223
4 -1.12091e+223
5 3.39671e+222
6 1.47191e+222
7 -2.11351e+222
8 9.1837e+221
9 9.22563e+220
10 -3.67627e+221
11 2.14333e+221
12 -2.03461e+220
13 -5.78802e+220
14 4.53688e+220
15 -1.09525e+220
16 -7.82129e+219
17 8.86502e+219
18 -3.30292e+219
19 -7.53062e+218
20 1.60301e+219
21 -8.17655e+218
22 1.07656e+217
23 2.65375e+218
24 -1.80505e+218
25 3.18784e+217
26 3.8916e+217
27 -3.65702e+217
28 1.14081e+217
29 4.58466e+216
30 -6.85914e+216
31 3.04454e+216
32 2.56686e+215
33 -1.18597e+216
34 7.05085e+215
35 -7.47332e+214
36 -1.85206e+215
37 1.48382e+215
38 -3.71858e+214
39 -2.46701e+214
40 2.8842e+214
41 -1.10046e+214
42 -2.27757e+213
43 5.1866e+213
44 -2.69854e+213
45 7.01612e+211
46 8.52739e+212
47 -5.9188e+212
48 1.1034e+212
49 1.23733e+212
50 -1.19269e+212
51 3.82682e+211
52 1.42442e+211
53 -2.22522e+211
54 1.00867e+211
55 6.92907e+209
56 -3.82418e+210
57 2.31848e+210
58 -2.70929e+209
59 -5.92208e+209
60 4.85115e+209
61 -1.26007e+209
62 -7.77001e+208
63 9.38026e+208
64 -3.6635e+208
65 -6.84419e+207
66 1.67745e+208
67 -8.90158e+207
68 3.42898e+206
69 2.73859e+207
70 -1.94003e+207
71 3.80488e+206
72 3.93018e+206
73 -3.88841e+206
74 1.28221e+206
75 4.41327e+205
76 -7.21623e+205
77 3.33973e+205
78 1.78923e+204
79 -1.23253e+205
80 7.62042e+204
81 -9.71865e+203
82 -1.89223e+204
83 1.58544e+204
84 -4.26218e+203
85 -2.44336e+203
86 3.04963e+203
87 -1.21863e+203
88 -2.0412e+202
89 5.42292e+202
90 -2.93488e+202
91 1.48946e+201
92 8.78995e+201
93 -6.35645e+201
94 1.30765e+201
95 1.24705e+201
96 -1.26725e+201
97 4.29151e+200
98 1.36317e+200
99 -2.33928e+200
100 1.10513e+200
101 4.30058e+198
102 -3.97047e+199
103 2.50363e+199
104 -3.45595e+198
105 -6.04146e+198
106 5.17963e+198
107 -1.43926e+198
108 -7.67033e+197
109 9.9111e+197
110 -4.05062e+197
111 -6.03285e+196
112 1.7524e+197
113 -9.6717e+196
114 6.06475e+195
115 2.81958e+196
116 -2.08188e+196
117 4.48059e+195
118 3.95254e+195
119 -4.12856e+195
120 1.43486e+195
121 4.19614e+194
122 -7.58029e+194
123 3.65481e+194
124 9.0221e+192
125 -1.27842e+194
126 8.22205e+193
127 -1.21997e+193
128 -1.92737e+193
129 1.69157e+193
130 -4.85257e+192
131 -2.40352e+192
132 3.21987e+192
133 -1.34541e+192
134 -1.76352e+191
135 5.66037e+191
136 -3.18574e+191
137 2.37037e+190
138 9.03889e+190
139 -6.81605e+190
140 1.53107e+190
141 1.2513e+190
142 -1.34456e+190
143 4.79271e+189
144 1.28672e+189
145 -2.45538e+189
146 1.20802e+189
147 1.31172e+187
148 -4.11417e+188
149 2.69905e+188
150 -4.2798e+187
151 -6.14365e+187
152 5.52236e+187
153 -1.63369e+187
154 -7.51658e+186
155 1.04567e+187
156 -4.46561e+186
157 -5.08496e+185
158 1.82753e+186
159 -1.04886e+186
160 9.00602e+184
161 2.89579e+185
162 -2.23073e+185
163 5.21888e+184
164 3.9565e+184
165 -4.37729e+184
166 1.59936e+184
167 3.92856e+183
168 -7.95025e+183
169 3.99065e+183
170 -1.03469e+181
171 -1.32332e+183
172 8.85661e+182
173 -1.49335e+182
174 -1.95664e+182
175 1.80221e+182
176 -5.49259e+181
177 -2.34563e+181
178 3.39462e+181
179 -1.4812e+181
180 -1.44072e+180
181 5.89782e+180
182 -3.45164e+180
183 3.35153e+179
184 9.2711e+179
185 -7.29791e+179
186 1.77491e+179
187 1.24937e+179
188 -1.42455e+179
189 5.33242e+178
190 1.19354e+178
191 -2.57317e+178
192 1.3176e+178
193 -2.06765e+176
194 -4.25415e+177
195 2.90502e+177
196 -5.18631e+176
197 -6.22587e+176
198 5.87935e+176
199 -1.84428e+176
200 -7.30265e+175
201 1.1016e+176
202 -4.9098e+175
203 -3.98809e+174
204 1.90247e+175
205 -1.13538e+175
206 1.22762e+174
207 2.96618e+174
208 -2.38666e+174
209 6.0238e+173
210 3.93967e+173
211 -4.63438e+173
212 1.77636e+173
213 3.60552e+172
214 -8.32489e+172
215 4.34809e+172
216 -1.23761e+171
217 -1.36685e+172
218 9.5249e+171
219 -1.79375e+171
220 -1.97913e+171
221 1.91734e+171
222 -6.18515e+170
223 -2.26769e+170
224 3.57351e+170
225 -1.62644e+170
226 -1.06875e+169
227 6.13398e+169
228 -3.73307e+169
229 4.44054e+168
230 9.48321e+168
231 -7.80232e+168
232 2.04048e+168
233 1.24046e+168
234 -1.50713e+168
235 5.91268e+167
236 1.08198e+167
237 -2.69221e+167
238 1.43415e+167
239 -5.86945e+165
240 -4.3892e+166
241 3.12178e+166
242 -6.18121e+165
243 -6.28513e+165
244 6.25049e+165
245 -2.07195e+165
246 -7.02196e+164
247 1.15878e+165
248 -5.38455e+164
249 -2.72902e+163
250 1.97678e+164
251 -1.22689e+164
252 1.58998e+163
253 3.02965e+163
254 -2.54976e+163
255 6.89956e+162
256 3.89948e+162
257 -4.89951e+162
258 1.96651e+162
259 3.22162e+161
260 -8.70278e+161
261 4.72798e+161
262 -2.5106e+160
263 -1.40862e+161
264 1.02277e+161
265 -2.12305e+160
266 -1.99386e+160
267 2.03692e+160
268 -6.93328e+159
269 -2.16755e+159
270 3.75613e+159
271 -1.78157e+159
272 -6.43309e+157
273 6.36743e+158
274 -4.03052e+158
275 5.64535e+157
276 9.67149e+157
277 -8.32945e+157
278 2.32913e+157
279 1.22373e+157
280 -1.5922e+157
281 6.53555e+156
282 9.50287e+155
283 -2.81204e+156
284 1.55793e+156
285 -1.01274e+155
286 -4.51794e+155
287 3.34954e+155
288 -7.27047e+154
289 -6.31816e+154
290 6.6356e+154
291 -2.31768e+154
292 -6.66747e+153
293 1.21706e+154
294 -5.89123e+153
295 -1.29374e+152
296 2.04999e+153
297 -1.32354e+153
298 1.99027e+152
299 3.08494e+152
300 -2.72005e+152
301 7.85053e+151
302 3.83315e+151
303 -5.17228e+151
304 2.17047e+151
305 2.77113e+150
306 -9.08231e+150
307 5.13117e+150
308 -3.93339e+149
309 -1.44816e+150
310 1.09655e+150
311 -2.48316e+149
312 -1.99974e+149
313 2.16088e+149
314 -7.74007e+148
315 -2.0429e+148
316 3.94195e+148
317 -1.947e+148
318 -1.59823e+146
319 6.59656e+147
320 -4.34443e+147
321 6.97435e+146
322 9.83187e+146
323 -8.87936e+146
324 2.64229e+146
325 1.19826e+146
326 -1.6796e+146
327 7.20315e+145
328 7.96583e+144
329 -2.93211e+145
330 1.68921e+145
331 -1.48771e+144
332 -4.63889e+144
333 3.5885e+144
334 -8.46035e+143
335 -6.32143e+143
336 7.0344e+143
337 -2.58246e+143
338 -6.23161e+142
339 1.27626e+143
340 -6.4312e+142
341 3.32638e+140
342 2.12156e+142
343 -1.42546e+142
344 2.4312e+141
345 3.13073e+141
346 -2.89755e+141
347 8.88126e+140
348 3.73767e+140
349 -5.4522e+140
350 2.38891e+140
351 2.24793e+139
352 -9.46165e+139
353 5.55846e+139
354 -5.51755e+138
355 -1.48498e+139
356 1.17391e+139
357 -2.8761e+138
358 -1.99562e+138
359 2.28912e+138
360 -8.6087e+137
361 -1.89125e+137
362 4.1304e+137
363 -2.12318e+137
364 3.86551e+135
365 6.81958e+136
366 -4.67523e+136
367 8.43631e+135
368 9.95991e+135
369 -9.45204e+135
370 2.98139e+135
371 1.16309e+135
372 -1.76919e+135
373 7.91763e+134
374 6.18871e+133
375 -3.05179e+134
376 1.82824e+134
377 -2.01561e+133
378 -4.75038e+133
379 3.83879e+133
380 -9.75734e+132
381 -6.29108e+132
382 7.4465e+132
383 -2.86731e+132
384 -5.7063e+131
385 1.33619e+132
386 -7.00583e+131
387 2.16588e+130
388 2.19088e+131
389 -1.53278e+131
390 2.91562e+130
391 3.16553e+130
392 -3.08223e+130
393 9.99642e+129
394 3.60982e+129
395 -5.73869e+129
396 2.62252e+129
397 1.6455e+128
398 -9.83873e+128
399 6.01065e+128
400 -7.27525e+127
401 -1.51853e+128
402 1.25486e+128
403 -3.30398e+127
404 -1.98023e+127
405 2.42148e+127
406 -9.54243e+126
407 -1.70997e+126
408 4.32079e+126
409 -2.31054e+126
410 1.00094e+125
411 7.0345e+125
412 -5.02331e+125
413 1.00404e+125
414 1.00508e+125
415 -1.00473e+125
416 3.34796e+124
417 1.11713e+124
418 -1.86074e+124
419 8.68116e+123
420 4.15029e+122
421 -3.17041e+123
422 1.97526e+123
423 -2.60039e+122
424 -4.85061e+122
425 4.10054e+122
426 -1.11682e+122
427 -6.22299e+121
428 7.8714e+121
429 -3.17327e+121
430 -5.08287e+120
431 1.39661e+121
432 -7.61647e+120
433 4.22267e+119
434 2.25731e+120
435 -1.64563e+120
436 3.44649e+119
437 3.18777e+119
438 -3.27401e+119
439 1.12008e+119
440 3.44614e+118
441 -6.03104e+118
442 2.87198e+118
443 9.56937e+116
444 -1.02112e+118
445 6.48851e+117
446 -9.21928e+116
447 -1.54822e+117
448 1.33945e+117
449 -3.76897e+116
450 -1.9522e+116
451 2.55779e+116
452 -1.05446e+116
453 -1.49623e+115
454 4.51235e+115
455 -2.50949e+115
456 1.68877e+114
457 7.23913e+114
458 -5.38901e+114
459 1.17963e+114
460 1.00992e+114
461 -1.06649e+114
462 3.74353e+113
463 1.05927e+113
464 -1.95403e+113
465 9.49592e+112
466 1.82802e+111
467 -3.28718e+112
468 2.13052e+112
469 -3.24619e+111
470 -4.93759e+111
471 4.37379e+111
472 -1.27e+111
473 -6.11266e+110
474 8.30843e+110
475 -3.5014e+110
476 -4.3521e+109
477 1.45727e+110
478 -8.26446e+109
479 6.5206e+108
480 2.32011e+109
481 -1.76409e+109
482 4.02692e+108
483 3.1957e+108
484 -3.47278e+108
485 1.24995e+108
486 3.24292e+107
487 -6.32844e+107
488 3.13799e+107
489 1.74879e+105
490 -1.05766e+107
491 6.99274e+106
492 -1.13631e+106
493 -1.57337e+106
494 1.42769e+106
495 -4.27333e+105
496 -1.91007e+105
497 2.69782e+105
498 -1.16186e+105
499 -1.24702e+104
500 4.70421e+104
501 -2.72046e+104
502 2.45575e+103
503 7.43105e+103
504 -5.77262e+103
505 1.37139e+103
506 1.00994e+103
507 -1.13043e+103
508 4.1697e+102
509 9.88288e+101
510 -2.04876e+102
511 1.03641e+102
512 -8.02031e+099
513 -3.40123e+101
514 2.29422e+101
515 -3.95737e+100
516 -5.00916e+100
517 4.65856e+100
518 -1.43599e+100
519 -5.95528e+099
520 8.75682e+099
521 -3.85279e+099
522 -3.50415e+098
523 1.51787e+099
524 -8.9511e+098
525 9.07824e+097
526 2.37848e+098
527 -1.88826e+098
528 4.66014e+097
529 3.18745e+097
530 -3.67835e+097
531 1.38975e+097
532 2.99616e+096
533 -6.62994e+096
534 3.42124e+096
535 -7.08454e+094
536 -1.09318e+096
537 7.52403e+095
538 -1.37208e+095
539 -1.59329e+095
540 1.51955e+095
541 -4.81939e+094
542 -1.85225e+094
543 2.8413e+094
544 -1.27678e+094
545 -9.59117e+092
546 4.89535e+093
547 -2.94386e+093
548 3.30791e+092
549 7.6076e+092
550 -6.17437e+092
551 1.58038e+092
552 1.00454e+092
553 -1.19648e+092
554 4.62811e+091
555 9.02877e+090
556 -2.14462e+091
557 1.12879e+091
558 -3.76518e+089
559 -3.51161e+090
560 2.46658e+090
561 -4.7385e+089
562 -5.06294e+089
563 4.95479e+089
564 -1.61555e+089
565 -5.74565e+088
566 9.21559e+088
567 -4.22851e+088
568 -2.52856e+087
569 1.57808e+088
570 -9.67765e+087
571 1.19151e+087
572 2.43154e+087
573 -2.0182e+087
574 5.34952e+086
575 3.16098e+086
576 -3.89049e+086
577 1.54e+086
578 2.70163e+085
579 -6.93443e+085
580 3.72241e+085
581 -1.7013e+084
582 -1.12738e+085
583 8.08298e+084
584 -1.63071e+084
585 -1.60719e+084
586 1.61503e+084
587 -5.40957e+083
588 -1.77705e+083
589 2.98789e+083
590 -1.39958e+083
591 -6.29118e+081
592 5.08467e+082
593 -3.18007e+082
594 4.25159e+081
595 7.76585e+081
596 -6.59443e+081
597 1.80767e+081
598 9.9303e+080
599 -1.26458e+081
600 5.12041e+080
601 8.01648e+079
602 -2.24123e+080
603 1.22694e+080
604 -7.08822e+078
605 -3.61725e+079
606 2.64778e+079
607 -5.59433e+078
608 -5.09637e+078
609 5.26236e+078
610 -1.80945e+078
611 -5.4782e+077
612 9.68363e+077
613 -4.62968e+077
614 -1.41419e+076
615 1.63751e+077
616 -1.04453e+077
617 1.50519e+076
618 2.47832e+076
619 -2.15394e+076
620 6.09855e+075
621 3.1141e+075
622 -4.10892e+075
623 1.70124e+075
624 2.35476e+074
625 -7.24065e+074
626 4.04218e+074
627 -2.81236e+073
628 -1.1599e+074
629 8.67014e+073
630 -1.91375e+073
631 -1.61421e+073
632 1.71406e+073
633 -6.04635e+072
634 -1.68263e+072
635 3.1372e+072
636 -1.53059e+072
637 -2.53396e+070
638 5.2709e+071
639 -3.42947e+071
640 5.29346e+070
641 7.9026e+070
642 -7.03288e+070
643 2.05439e+070
644 9.74701e+069
645 -1.3346e+070
646 5.64831e+069
647 6.83117e+068
648 -2.33818e+069
649 1.33108e+069
650 -1.07994e+068
651 -3.71698e+068
652 2.83797e+068
653 -6.52985e+067
654 -5.10666e+067
655 5.58106e+067
656 -2.01848e+067
657 -5.14696e+066
658 1.01596e+067
659 -5.05741e+066
660 -1.4925e+064
661 1.69575e+066
662 -1.12553e+066
663 1.851e+065
664 2.51775e+065
665 -2.2955e+065
666 6.91084e+064
667 3.04445e+064
668 -4.33325e+064
669 1.87401e+064
670 1.95072e+063
671 -7.5472e+063
672 4.38122e+063
673 -4.05083e+062
674 -1.19035e+063
675 9.28596e+062
676 -2.2228e+062
677 -1.61345e+062
678 1.81657e+062
679 -6.73228e+061
680 -1.56704e+061
681 3.28879e+061
682 -1.67018e+061
683 1.71892e+059
684 5.45267e+060
685 -3.69241e+060
686 6.4405e+059
687 8.01436e+059
688 -7.48974e+059
689 2.32171e+059
690 9.48775e+058
691 -1.40642e+059
692 6.21354e+058
693 5.45702e+057
694 -2.43498e+058
695 1.44142e+058
696 -1.49286e+057
697 -3.80949e+057
698 3.03728e+057
699 -7.55025e+056
700 -5.09078e+056
701 5.9106e+056
702 -2.24347e+056
703 -4.74551e+055
704 1.06419e+056
705 -5.51278e+055
706 1.27878e+054
707 1.75234e+055
708 -1.21085e+055
709 2.23122e+054
710 2.5487e+054
711 -2.44287e+054
712 7.79015e+053
713 2.94947e+053
714 -4.56303e+053
715 2.05886e+053
716 1.48435e+052
717 -7.85244e+052
718 4.74018e+052
719 -5.42639e+051
720 -1.2183e+052
721 9.9308e+051
722 -2.55953e+051
723 -1.60391e+051
724 1.92245e+051
725 -7.46997e+050
726 -1.42819e+050
727 3.44212e+050
728 -1.81868e+050
729 6.50817e+048
730 5.6284e+049
731 -3.9692e+049
732 7.70003e+048
733 8.09732e+048
734 -7.96489e+048
735 2.61082e+048
736 9.14417e+047
737 -1.47988e+048
738 6.81784e+047
739 3.87721e+046
740 -2.53109e+047
741 1.55816e+047
742 -1.95073e+046
743 -3.89337e+046
744 3.24582e+046
745 -8.66091e+045
746 -5.04546e+045
747 6.25061e+045
748 -2.48525e+045
749 -4.26702e+044
750 1.11289e+045
751 -5.9969e+044
752 2.88314e+043
753 1.80676e+044
754 -1.30061e+044
755 2.64821e+043
756 2.56989e+043
757 -2.596e+043
758 8.74034e+042
759 2.82643e+042
760 -4.79774e+042
761 2.25635e+042
762 9.50147e+040
763 -8.15459e+041
764 5.11967e+041
765 -6.94921e+040
766 -1.24328e+041
767 1.06049e+041
768 -2.92569e+040
769 -1.58451e+040
770 2.03157e+040
771 -8.2621e+039
772 -1.26384e+039
773 3.59659e+039
774 -1.97645e+039
775 1.18768e+038
776 5.79638e+038
777 -4.26014e+038
778 9.07971e+037
779 8.14734e+037
780 -8.45813e+037
781 2.92297e+037
782 8.70728e+036
783 -1.55481e+037
784 7.46297e+036
785 2.07384e+035
786 -2.62591e+036
787 1.68148e+036
788 -2.45683e+035
789 -3.96705e+035
790 3.46364e+035
791 -9.86745e+034
792 -4.96718e+034
793 6.6006e+034
794 -2.74468e+034
795 -3.70417e+033
796 1.16184e+034
797 -6.51085e+033
798 4.67781e+032
799 1.85843e+033
800 -1.39488e+033
801 3.10444e+032
802 2.57998e+032
803 -2.7548e+032
804 9.76539e+031
805 2.6724e+031
806 -5.03673e+031
807 2.46702e+031
808 3.42299e+029
809 -8.4516e+030
810 5.5203e+030
811 -8.63e+029
812 -1.26477e+030
813 1.13084e+030
814 -3.32307e+029
815 -1.5541e+029
816 2.14376e+029
817 -9.11139e+028
818 -1.0716e+028
819 3.75153e+028
820 -2.14382e+028
821 1.78703e+027
822 5.95471e+027
823 -4.56548e+027
824 1.05875e+027
825 8.15993e+026
826 -8.96913e+026
827 3.25944e+026
828 8.16748e+025
829 -1.63098e+026
830 8.1507e+025
831 2.79576e+022
832 -2.71876e+025
833 1.81158e+025
834 -3.01464e+024
835 -4.02883e+024
836 3.69077e+024
837 -1.11757e+024
838 -4.85211e+023
839 6.95997e+023
840 -3.02261e+023
841 -3.04917e+022
842 1.21081e+023
843 -7.0557e+022
844 6.67754e+021
845 1.90673e+022
846 -1.49374e+022
847 3.60249e+021
848 2.57747e+021
849 -2.91914e+021
850 1.08694e+021
851 2.48422e+020
852 -5.27927e+020
853 2.69144e+020
854 -3.45374e+018
855 -8.74123e+019
856 5.94261e+019
857 -1.048e+019
858 -1.28221e+019
859 1.20414e+019
860 -3.75356e+018
861 -1.51142e+018
862 2.2588e+018
863 -1.00206e+018
864 -8.48929e+016
865 3.90615e+017
866 -2.32112e+017
867 2.45366e+016
868 6.1013e+016
869 -4.88542e+016
870 1.22318e+016
871 8.13021e+015
872 -9.4974e+015
873 3.62153e+015
874 7.51446e+014
875 -1.70814e+015
876 8.88279e+014
877 -2.28055e+013
878 -2.80889e+014
879 1.94861e+014
880 -3.62778e+013
881 -4.07686e+013
882 3.92717e+013
883 -1.25916e+013
884 -4.69617e+012
885 7.32797e+012
886 -3.31993e+012
887 -2.29374e+011
888 1.25956e+012
889 -7.63247e+011
890 8.89789e+010
891 1.95096e+011
892 -1.59724e+011
893 4.14505e+010
894 2.56077e+010
895 -3.08886e+010
896 1.20565e+010
897 2.25852e+009
898 -5.52452e+009
899 2.93017e+009
900 -1.11941e+008
901 -9.02097e+008
902 6.38712e+008
903 -1.25109e+008
904 -1.29498e+008
905 1.28035e+008
906 -4.21906e+007
907 -1.45512e+007
908 2.37644e+007
909 -1.09925e+007
910 -593088
911 4.05961e+006
912 -2.50865e+006
913 319293
914 623420
915 -521978
916 140245
917 80562.5
918 -100390
919 40139.2
920 6770.55
921 -17826.8
922 9694.32
923 -453.962
924 -2862.13
925 2126.08
926 -396.673
927 -377.577
928 450.609
929 -107.88
930 -11.6161
931 110.371
932 -3.04186
933 31.9043
934 46.4111
935 25.0912
936 34.4689
937 35.3237
938 31.6279
939 33.8068
940 33.5861
941 33.007
942 33.4666
943 33.3533
944 33.2756
945 33.3652
946 33.3313
947 33.324
948 33.3402
949 33.3319
950 33.332
951 33.3347
952 33.3329
953 33.3332
954 33.3336
955 33.3332
956 33.3333
957 33.3334
958 33.3333
959 33.3333
960 33.3333
961 33.3333
962 33.3333
963 33.3333
964 33.3333
965 33.3333
966 33.3333
967 33.3333
968 33.3333
969 33.3333
970 33.3333
971 33.3333
972 33.3333
973 33.3333
974 33.3333
975 33.3333
976 33.3333
977 33.3333
978 33.3333
979 33.3333
980 33.3333
981 33.3333
982 33.3333
983 33.3333
984 33.3333
985 33.3333
986 33.3333
987 33.3333
988 33.3333
989 33.3333
990 33.3333
991 33.3333
992 33.3333
993 33.3333
994 33.3333
995 33.3333
996 33.3333
997 33.3333
998 33.3333
999 33.3333
